Year,Period,labor force participation rate,employment-population ratio,labor force,employment,unemployment,unemployment rate
1976,Jan,57.3,53.4,1492409,1392154,100255,6.7
1976,Feb,57.2,53.3,1491820,1391975,99845,6.7
1976,Mar,57,53.2,1490600,1392137,98463,6.6
1976,Apr,56.9,53.2,1489947,1393177,96770,6.5
1976,May,56.8,53.1,1490609,1394591,96018,6.4
1976,Jun,56.8,53.1,1493270,1396510,96760,6.5
1976,Jul,56.8,53.1,1497488,1398508,98980,6.6
1976,Aug,56.9,53,1502397,1400824,101573,6.8
1976,Sep,57,53.1,1507195,1403488,103707,6.9
1976,Oct,57.1,53.1,1512273,1406391,105882,7
1976,Nov,57.2,53.1,1518265,1409707,108558,7.2
1976,Dec,57.4,53.2,1525568,1413734,111834,7.3
1977,Jan,57.6,53.3,1534383,1418860,115523,7.5
1977,Feb,57.9,53.4,1544075,1425097,118978,7.7
1977,Mar,58.1,53.6,1553665,1432080,121585,7.8
1977,Apr,58.4,53.8,1562297,1439468,122829,7.9
1977,May,58.5,53.9,1568937,1446727,122210,7.8
1977,Jun,58.6,54.1,1573270,1453467,119803,7.6
1977,Jul,58.6,54.2,1575689,1459495,116194,7.4
1977,Aug,58.5,54.3,1577504,1464868,112636,7.1
1977,Sep,58.5,54.4,1579545,1469855,109690,6.9
1977,Oct,58.5,54.5,1581808,1474532,107276,6.8
1977,Nov,58.5,54.6,1584502,1478914,105588,6.7
1977,Dec,58.5,54.6,1587522,1483160,104362,6.6
1978,Jan,58.5,54.7,1590947,1487808,103139,6.5
1978,Feb,58.5,54.8,1595067,1493428,101639,6.4
1978,Mar,58.6,55,1600048,1500232,99816,6.2
1978,Apr,58.7,55.2,1606042,1507853,98189,6.1
1978,May,58.9,55.3,1613055,1515549,97506,6
1978,Jun,59.1,55.5,1620381,1522416,97965,6
1978,Jul,59.2,55.6,1627399,1527689,99710,6.1
1978,Aug,59.3,55.6,1633399,1531117,102282,6.3
1978,Sep,59.4,55.6,1637866,1532949,104917,6.4
1978,Oct,59.5,55.6,1641178,1533922,107256,6.5
1978,Nov,59.5,55.5,1643767,1534609,109158,6.6
1978,Dec,59.5,55.5,1645893,1535097,110796,6.7
1979,Jan,59.5,55.4,1647812,1535258,112554,6.8
1979,Feb,59.4,55.3,1649538,1534963,114575,6.9
1979,Mar,59.4,55.2,1650980,1534270,116710,7.1
1979,Apr,59.4,55.1,1652094,1533457,118637,7.2
1979,May,59.3,55,1653228,1533152,120076,7.3
1979,Jun,59.3,55,1654719,1533709,121010,7.3
1979,Jul,59.3,55,1656477,1535256,121221,7.3
1979,Aug,59.3,55,1658553,1537606,120947,7.3
1979,Sep,59.3,55,1661023,1540377,120646,7.3
1979,Oct,59.3,55.1,1663350,1543103,120247,7.2
1979,Nov,59.3,55.1,1664951,1545207,119744,7.2
1979,Dec,59.3,55,1666044,1546087,119957,7.2
1980,Jan,59.3,54.9,1666594,1545102,121492,7.3
1980,Feb,59.2,54.8,1666602,1541785,124817,7.5
1980,Mar,59.1,54.5,1666667,1536128,130539,7.8
1980,Apr,59.1,54.2,1666794,1528732,138062,8.3
1980,May,59,53.8,1666872,1520782,146090,8.8
1980,Jun,59,53.5,1667196,1513892,153304,9.2
1980,Jul,58.9,53.3,1667937,1509355,158582,9.5
1980,Aug,58.9,53.2,1669058,1507746,161312,9.7
1980,Sep,58.9,53.2,1670565,1508703,161862,9.7
1980,Oct,58.9,53.2,1672526,1511190,161336,9.6
1980,Nov,58.9,53.3,1674692,1514019,160673,9.6
1980,Dec,58.9,53.3,1676614,1516136,160478,9.6
1981,Jan,58.9,53.2,1677881,1516568,161313,9.6
1981,Feb,58.8,53.1,1678207,1515111,163096,9.7
1981,Mar,58.7,53,1677142,1512350,164792,9.8
1981,Apr,58.6,52.8,1675015,1508922,166093,9.9
1981,May,58.5,52.6,1672850,1505327,167523,10
1981,Jun,58.4,52.4,1671571,1501932,169639,10.1
1981,Jul,58.3,52.3,1671841,1498870,172971,10.3
1981,Aug,58.3,52.1,1673850,1495841,178009,10.6
1981,Sep,58.4,52,1677086,1492621,184465,11
1981,Oct,58.5,51.8,1680936,1489212,191724,11.4
1981,Nov,58.6,51.7,1684875,1485690,199185,11.8
1981,Dec,58.7,51.5,1688747,1482607,206140,12.2
1982,Jan,58.8,51.4,1692641,1480603,212038,12.5
1982,Feb,58.9,51.4,1696798,1479601,217197,12.8
1982,Mar,59,51.3,1701300,1478951,222349,13.1
1982,Apr,59.1,51.2,1705980,1478289,227691,13.3
1982,May,59.2,51.2,1710306,1477288,233018,13.6
1982,Jun,59.3,51.1,1714197,1475716,238481,13.9
1982,Jul,59.4,51,1718140,1473584,244556,14.2
1982,Aug,59.5,50.9,1722430,1471357,251073,14.6
1982,Sep,59.7,50.8,1727334,1469558,257776,14.9
1982,Oct,59.8,50.7,1732345,1468440,263905,15.2
1982,Nov,59.9,50.7,1736510,1468381,268129,15.4
1982,Dec,60,50.7,1738907,1469436,269471,15.5
1983,Jan,60,50.7,1739659,1471782,267877,15.4
1983,Feb,59.9,50.8,1739908,1476061,263847,15.2
1983,Mar,60,51.1,1741024,1482610,258414,14.8
1983,Apr,60,51.3,1744212,1491185,253027,14.5
1983,May,60.2,51.6,1749695,1501086,248609,14.2
1983,Jun,60.4,52,1756511,1511392,245119,14
1983,Jul,60.6,52.3,1763142,1521360,241782,13.7
1983,Aug,60.7,52.5,1768126,1530233,237893,13.5
1983,Sep,60.7,52.7,1770630,1537640,232990,13.2
1983,Oct,60.7,52.9,1770977,1543879,227098,12.8
1983,Nov,60.6,53,1770548,1549445,221103,12.5
1983,Dec,60.6,53.2,1770630,1554955,215675,12.2
1984,Jan,60.6,53.4,1771946,1561134,210812,11.9
1984,Feb,60.6,53.6,1774737,1568105,206632,11.6
1984,Mar,60.7,53.8,1779010,1575469,203541,11.4
1984,Apr,60.8,54,1784188,1582577,201611,11.3
1984,May,61,54.1,1789401,1588818,200583,11.2
1984,Jun,61,54.2,1793401,1593815,199586,11.1
1984,Jul,61.1,54.3,1795398,1597406,197992,11
1984,Aug,61,54.4,1795727,1599986,195741,10.9
1984,Sep,61,54.4,1795000,1602247,192753,10.7
1984,Oct,60.9,54.4,1794208,1604931,189277,10.5
1984,Nov,60.8,54.5,1794284,1608665,185619,10.3
1984,Dec,60.8,54.6,1795580,1613496,182084,10.1
1985,Jan,60.8,54.8,1797622,1618556,179066,10
1985,Feb,60.8,54.9,1799234,1622868,176366,9.8
1985,Mar,60.8,54.9,1799433,1626137,173296,9.6
1985,Apr,60.7,55,1798122,1628532,169590,9.4
1985,May,60.6,55,1796253,1630588,165665,9.2
1985,Jun,60.5,55,1795173,1632945,162228,9
1985,Jul,60.5,55.1,1795743,1636056,159687,8.9
1985,Aug,60.5,55.2,1798165,1640408,157757,8.8
1985,Sep,60.6,55.3,1802534,1645956,156578,8.7
1985,Oct,60.7,55.5,1808859,1652051,156808,8.7
1985,Nov,60.9,55.6,1816802,1657844,158958,8.7
1985,Dec,61.2,55.7,1825854,1662698,163156,8.9
1986,Jan,61.5,55.8,1835544,1666502,169042,9.2
1986,Feb,61.7,55.9,1845204,1669612,175592,9.5
1986,Mar,62,55.9,1853642,1672315,181327,9.8
1986,Apr,62.1,55.9,1859859,1674799,185060,10
1986,May,62.2,56,1863428,1677189,186239,10
1986,Jun,62.2,56,1865072,1679604,185468,9.9
1986,Jul,62.2,56,1865890,1682106,183784,9.8
1986,Aug,62.1,56.1,1866749,1684502,182247,9.8
1986,Sep,62.1,56.1,1868065,1686660,181405,9.7
1986,Oct,62.1,56.1,1869560,1688677,180883,9.7
1986,Nov,62.1,56.1,1870468,1690601,179867,9.6
1986,Dec,62,56.1,1870743,1692995,177748,9.5
1987,Jan,61.9,56.1,1870191,1696143,174048,9.3
1987,Feb,61.8,56.2,1868688,1699848,168840,9
1987,Mar,61.7,56.3,1867060,1704066,162994,8.7
1987,Apr,61.6,56.4,1866010,1708792,157218,8.4
1987,May,61.5,56.5,1865893,1713872,152021,8.1
1987,Jun,61.5,56.6,1866624,1718838,147786,7.9
1987,Jul,61.5,56.7,1868004,1723262,144742,7.7
1987,Aug,61.5,56.8,1869646,1726755,142891,7.6
1987,Sep,61.5,56.8,1871186,1729334,141852,7.6
1987,Oct,61.5,56.9,1872110,1731169,140941,7.5
1987,Nov,61.5,56.9,1872135,1732529,139606,7.5
1987,Dec,61.4,56.9,1871070,1733249,137821,7.4
1988,Jan,61.3,56.9,1869264,1733592,135672,7.3
1988,Feb,61.2,56.8,1867903,1734381,133522,7.1
1988,Mar,61.2,56.9,1867489,1735716,131773,7.1
1988,Apr,61.2,56.9,1868204,1737319,130885,7
1988,May,61.2,56.9,1869857,1738884,130973,7
1988,Jun,61.2,56.9,1872410,1740456,131954,7
1988,Jul,61.3,57,1875827,1742204,133623,7.1
1988,Aug,61.4,57,1880127,1744160,135967,7.2
1988,Sep,61.6,57.1,1884846,1746368,138478,7.3
1988,Oct,61.7,57.1,1889098,1748949,140149,7.4
1988,Nov,61.8,57.2,1892528,1751991,140537,7.4
1988,Dec,61.8,57.3,1894728,1755322,139406,7.4
1989,Jan,61.8,57.4,1895757,1758398,137359,7.2
1989,Feb,61.8,57.4,1895748,1760225,135523,7.1
1989,Mar,61.8,57.4,1895381,1760889,134492,7.1
1989,Apr,61.8,57.4,1895503,1761067,134436,7.1
1989,May,61.8,57.3,1896426,1761200,135226,7.1
1989,Jun,61.8,57.3,1897804,1761519,136285,7.2
1989,Jul,61.8,57.3,1898750,1762020,136730,7.2
1989,Aug,61.7,57.3,1898557,1762936,135621,7.1
1989,Sep,61.7,57.4,1897353,1764275,133078,7
1989,Oct,61.6,57.4,1896234,1765879,130355,6.9
1989,Nov,61.6,57.4,1895789,1767521,128268,6.8
1989,Dec,61.6,57.4,1896617,1769292,127325,6.7
1990,Jan,62.5,58.3,1898813,1771490,127323,6.7
1990,Feb,62.4,58.3,1901623,1774243,127380,6.7
1990,Mar,62.4,58.2,1904161,1776963,127198,6.7
1990,Apr,62.3,58.1,1905779,1778934,126845,6.7
1990,May,62.2,58.1,1906626,1780087,126539,6.6
1990,Jun,62,57.9,1906985,1780427,126558,6.6
1990,Jul,61.9,57.8,1907518,1780279,127239,6.7
1990,Aug,61.9,57.7,1908593,1779865,128728,6.7
1990,Sep,61.9,57.6,1909878,1779096,130782,6.8
1990,Oct,61.8,57.5,1911034,1777959,133075,7
1990,Nov,61.8,57.4,1911995,1776680,135315,7.1
1990,Dec,61.8,57.3,1912654,1775275,137379,7.2
1991,Jan,61.7,57.2,1913170,1773651,139519,7.3
1991,Feb,61.7,57.1,1914039,1772332,141707,7.4
1991,Mar,61.7,57.1,1915045,1771755,143290,7.5
1991,Apr,61.7,57,1915943,1772198,143745,7.5
1991,May,61.6,57,1916793,1773793,143000,7.5
1991,Jun,61.6,57.1,1917741,1776404,141337,7.4
1991,Jul,61.6,57.1,1918938,1779430,139508,7.3
1991,Aug,61.6,57.1,1920760,1782414,138346,7.2
1991,Sep,61.6,57.2,1923679,1785300,138379,7.2
1991,Oct,61.7,57.2,1927603,1787974,139629,7.2
1991,Nov,61.7,57.2,1932167,1790427,141740,7.3
1991,Dec,61.8,57.2,1937011,1792940,144071,7.4
1992,Jan,62,57.3,1942026,1795831,146195,7.5
1992,Feb,62.1,57.4,1947271,1799138,148133,7.6
1992,Mar,62.2,57.4,1953008,1803125,149883,7.7
1992,Apr,62.3,57.5,1958967,1807692,151275,7.7
1992,May,62.4,57.6,1964155,1812223,151932,7.7
1992,Jun,62.5,57.7,1967989,1816357,151632,7.7
1992,Jul,62.5,57.8,1970571,1820023,150548,7.6
1992,Aug,62.5,57.8,1972213,1823128,149085,7.6
1992,Sep,62.5,57.8,1973375,1825707,147668,7.5
1992,Oct,62.4,57.8,1974819,1828197,146622,7.4
1992,Nov,62.4,57.8,1977282,1830852,146430,7.4
1992,Dec,62.5,57.8,1981117,1833926,147191,7.4
1993,Jan,62.5,57.9,1985991,1837649,148342,7.5
1993,Feb,62.7,57.9,1991441,1841905,149536,7.5
1993,Mar,62.8,58,1997034,1846347,150687,7.5
1993,Apr,62.9,58.1,2002158,1850615,151543,7.6
1993,May,62.9,58.2,2006394,1854396,151998,7.6
1993,Jun,62.9,58.2,2009317,1857430,151887,7.6
1993,Jul,62.9,58.2,2010370,1859740,150630,7.5
1993,Aug,62.8,58.2,2009879,1861677,148202,7.4
1993,Sep,62.7,58.2,2009108,1863791,145317,7.2
1993,Oct,62.6,58.2,2008985,1866302,142683,7.1
1993,Nov,62.6,58.2,2009717,1869179,140538,7
1993,Dec,62.6,58.3,2010972,1872369,138603,6.9
1994,Jan,62.6,58.3,2012200,1875794,136406,6.8
1994,Feb,62.6,58.4,2012672,1879198,133474,6.6
1994,Mar,62.5,58.5,2012379,1882383,129996,6.5
1994,Apr,62.4,58.5,2012245,1885667,126578,6.3
1994,May,62.4,58.6,2013314,1889553,123761,6.1
1994,Jun,62.5,58.7,2016484,1894454,122030,6.1
1994,Jul,62.6,58.8,2021986,1900507,121479,6
1994,Aug,62.8,59,2029140,1907323,121817,6
1994,Sep,62.9,59.2,2036731,1914325,122406,6
1994,Oct,63.1,59.3,2043615,1921001,122614,6
1994,Nov,63.3,59.5,2049433,1927053,122380,6
1994,Dec,63.4,59.6,2054089,1931896,122193,5.9
1995,Jan,63.5,59.7,2057652,1935169,122483,6
1995,Feb,63.5,59.7,2060579,1937313,123266,6
1995,Mar,63.6,59.7,2063237,1938871,124366,6
1995,Apr,63.6,59.7,2065730,1940081,125649,6.1
1995,May,63.7,59.7,2068167,1941298,126869,6.1
1995,Jun,63.7,59.8,2070177,1942725,127452,6.2
1995,Jul,63.7,59.8,2071540,1944371,127169,6.1
1995,Aug,63.6,59.8,2071980,1946204,125776,6.1
1995,Sep,63.5,59.8,2071273,1948061,123212,5.9
1995,Oct,63.4,59.8,2069833,1949801,120032,5.8
1995,Nov,63.3,59.7,2068153,1951379,116774,5.6
1995,Dec,63.3,59.8,2067044,1952949,114095,5.5
1996,Jan,63.2,59.8,2067195,1954711,112484,5.4
1996,Feb,63.2,59.8,2068764,1956785,111979,5.4
1996,Mar,63.2,59.8,2071436,1959534,111902,5.4
1996,Apr,63.3,59.9,2074463,1963195,111268,5.4
1996,May,63.3,60,2077461,1967795,109666,5.3
1996,Jun,63.4,60.1,2080809,1973242,107567,5.2
1996,Jul,63.4,60.2,2084925,1979230,105695,5.1
1996,Aug,63.5,60.4,2090109,1985361,104748,5
1996,Sep,63.7,60.5,2096311,1991044,105267,5
1996,Oct,63.8,60.6,2102959,1995899,107060,5.1
1996,Nov,64,60.7,2109300,1999974,109326,5.2
1996,Dec,64.1,60.7,2114598,2003655,110943,5.2
1997,Jan,64.2,60.8,2118569,2007242,111327,5.3
1997,Feb,64.3,60.9,2121552,2010937,110615,5.2
1997,Mar,64.3,61,2124300,2014913,109387,5.1
1997,Apr,64.4,61.1,2127790,2019197,108593,5.1
1997,May,64.5,61.2,2132016,2023465,108551,5.1
1997,Jun,64.6,61.3,2136263,2027419,108844,5.1
1997,Jul,64.7,61.4,2139910,2031063,108847,5.1
1997,Aug,64.7,61.4,2142358,2034281,108077,5
1997,Sep,64.6,61.4,2142854,2036969,105885,4.9
1997,Oct,64.5,61.4,2141370,2038966,102404,4.8
1997,Nov,64.4,61.4,2138483,2040209,98274,4.6
1997,Dec,64.2,61.4,2135370,2041098,94272,4.4
1998,Jan,64.1,61.3,2133420,2042148,91272,4.3
1998,Feb,64.1,61.4,2133335,2043526,89809,4.2
1998,Mar,64,61.3,2134624,2044769,89855,4.2
1998,Apr,64,61.3,2136407,2045590,90817,4.3
1998,May,64,61.3,2138049,2045822,92227,4.3
1998,Jun,64,61.2,2139047,2045220,93827,4.4
1998,Jul,64,61.1,2139048,2043734,95314,4.5
1998,Aug,63.9,61,2138197,2041930,96267,4.5
1998,Sep,63.8,60.9,2137201,2040513,96688,4.5
1998,Oct,63.8,60.9,2136509,2039983,96526,4.5
1998,Nov,63.7,60.9,2136348,2040209,96139,4.5
1998,Dec,63.7,60.8,2136742,2040515,96227,4.5
1999,Jan,63.7,60.8,2137222,2040382,96840,4.5
1999,Feb,63.7,60.8,2137729,2039818,97911,4.6
1999,Mar,63.7,60.8,2138574,2039216,99358,4.6
1999,Apr,63.7,60.7,2139720,2038674,101046,4.7
1999,May,63.7,60.7,2140743,2038176,102567,4.8
1999,Jun,63.7,60.6,2141354,2037886,103468,4.8
1999,Jul,63.7,60.6,2141505,2037829,103676,4.8
1999,Aug,63.7,60.6,2141363,2037974,103389,4.8
1999,Sep,63.6,60.6,2141338,2038338,103000,4.8
1999,Oct,63.6,60.6,2141656,2038891,102765,4.8
1999,Nov,63.6,60.6,2142224,2039773,102451,4.8
1999,Dec,63.6,60.6,2142726,2040918,101808,4.8
2000,Jan,63.6,60.6,2142945,2042008,100937,4.7
2000,Feb,63.6,60.6,2142351,2042502,99849,4.7
2000,Mar,63.5,60.6,2140697,2041983,98714,4.6
2000,Apr,63.4,60.5,2138178,2040546,97632,4.6
2000,May,63.2,60.4,2135307,2038520,96787,4.5
2000,Jun,63.1,60.3,2132623,2036174,96449,4.5
2000,Jul,63,60.2,2130313,2033898,96415,4.5
2000,Aug,63,60.1,2128594,2032077,96517,4.5
2000,Sep,62.9,60,2127432,2030794,96638,4.5
2000,Oct,62.8,60,2126852,2030058,96794,4.6
2000,Nov,62.8,60,2126907,2029527,97380,4.6
2000,Dec,62.8,59.9,2127030,2028704,98326,4.6
2001,Jan,62.8,59.9,2126441,2027144,99297,4.7
2001,Feb,62.7,59.8,2124721,2024731,99990,4.7
2001,Mar,62.6,59.7,2121781,2021544,100237,4.7
2001,Apr,62.5,59.5,2117985,2017704,100281,4.7
2001,May,62.4,59.4,2114232,2013625,100607,4.8
2001,Jun,62.3,59.3,2111291,2009510,101781,4.8
2001,Jul,62.2,59.1,2109963,2005520,104443,4.9
2001,Aug,62.2,59,2109935,2001306,108629,5.1
2001,Sep,62.2,58.8,2110339,1996677,113662,5.4
2001,Oct,62.1,58.6,2110607,1991811,118796,5.6
2001,Nov,62.1,58.5,2110105,1986957,123148,5.8
2001,Dec,62.1,58.3,2108837,1982694,126143,6
2002,Jan,62,58.2,2107022,1979465,127557,6.1
2002,Feb,61.9,58.2,2104914,1977317,127597,6.1
2002,Mar,61.9,58.1,2102910,1976134,126776,6
2002,Apr,61.8,58.1,2101696,1976039,125657,6
2002,May,61.8,58.1,2101698,1977060,124638,5.9
2002,Jun,61.8,58.2,2102827,1979125,123702,5.9
2002,Jul,61.8,58.2,2104604,1981669,122935,5.8
2002,Aug,61.9,58.3,2106792,1984310,122482,5.8
2002,Sep,61.9,58.3,2109245,1986849,122396,5.8
2002,Oct,61.9,58.3,2111166,1988843,122323,5.8
2002,Nov,61.9,58.3,2112361,1990309,122052,5.8
2002,Dec,61.9,58.3,2113065,1991282,121783,5.8
2003,Jan,61.9,58.3,2113996,1991914,122082,5.8
2003,Feb,62,58.3,2115588,1992400,123188,5.8
2003,Mar,62,58.3,2117543,1992639,124904,5.9
2003,Apr,62,58.3,2119127,1992263,126864,6
2003,May,62,58.3,2119791,1991145,128646,6.1
2003,Jun,62,58.2,2119995,1989915,130080,6.1
2003,Jul,62,58.1,2120069,1989307,130762,6.2
2003,Aug,61.9,58.1,2120356,1989749,130607,6.2
2003,Sep,61.9,58.1,2121165,1991337,129828,6.1
2003,Oct,61.9,58.2,2122748,1993817,128931,6.1
2003,Nov,62,58.2,2125012,1996704,128308,6
2003,Dec,62,58.3,2127526,1999528,127998,6
2004,Jan,62,58.3,2129625,2001919,127706,6
2004,Feb,62.1,58.4,2131120,2003968,127152,6
2004,Mar,62.1,58.4,2132602,2006189,126413,5.9
2004,Apr,62.1,58.4,2134257,2008779,125478,5.9
2004,May,62.1,58.5,2136041,2011549,124492,5.8
2004,Jun,62.1,58.5,2137625,2014209,123416,5.8
2004,Jul,62.1,58.6,2138850,2016648,122202,5.7
2004,Aug,62.1,58.6,2139614,2018841,120773,5.6
2004,Sep,62,58.6,2139879,2020730,119149,5.6
2004,Oct,62,58.6,2139644,2022353,117291,5.5
2004,Nov,61.9,58.6,2138854,2023985,114869,5.4
2004,Dec,61.8,58.6,2138018,2026186,111832,5.2
2005,Jan,61.8,58.6,2137724,2029283,108441,5.1
2005,Feb,61.7,58.7,2138143,2033021,105122,4.9
2005,Mar,61.7,58.8,2139056,2037082,101974,4.8
2005,Apr,61.7,58.9,2140454,2041410,99044,4.6
2005,May,61.7,59,2142465,2045970,96495,4.5
2005,Jun,61.8,59,2144888,2050306,94582,4.4
2005,Jul,61.8,59.1,2147465,2053965,93500,4.4
2005,Aug,61.8,59.1,2149816,2056864,92952,4.3
2005,Sep,61.7,59.1,2151648,2059203,92445,4.3
2005,Oct,61.7,59,2153032,2061454,91578,4.3
2005,Nov,61.6,59,2154321,2063787,90534,4.2
2005,Dec,61.6,59,2155457,2065979,89478,4.2
2006,Jan,61.6,59,2156619,2068193,88426,4.1
2006,Feb,61.5,59,2158218,2070573,87645,4.1
2006,Mar,61.5,59.1,2160541,2072993,87548,4.1
2006,Apr,61.6,59.1,2163401,2075248,88153,4.1
2006,May,61.6,59.1,2166179,2077289,88890,4.1
2006,Jun,61.6,59.1,2168311,2079075,89236,4.1
2006,Jul,61.6,59,2169938,2080799,89139,4.1
2006,Aug,61.6,59,2171457,2082696,88761,4.1
2006,Sep,61.5,59,2173040,2084889,88151,4.1
2006,Oct,61.5,59.1,2174902,2087658,87244,4
2006,Nov,61.5,59.1,2177005,2090825,86180,4
2006,Dec,61.5,59.1,2178766,2093624,85142,3.9
2007,Jan,61.5,59.1,2179543,2095291,84252,3.9
2007,Feb,61.5,59.1,2178931,2095516,83415,3.8
2007,Mar,61.4,59,2176785,2094241,82544,3.8
2007,Apr,61.2,58.9,2173924,2091857,82067,3.8
2007,May,61.1,58.8,2171384,2089043,82341,3.8
2007,Jun,61,58.7,2169967,2086659,83308,3.8
2007,Jul,61,58.6,2170255,2085346,84909,3.9
2007,Aug,61,58.5,2172270,2085207,87063,4
2007,Sep,61,58.5,2175380,2085939,89441,4.1
2007,Oct,61,58.5,2178388,2086659,91729,4.2
2007,Nov,61,58.4,2180164,2086787,93377,4.3
2007,Dec,61,58.4,2180630,2086157,94473,4.3
2008,Jan,60.9,58.3,2180011,2084307,95704,4.4
2008,Feb,60.9,58.1,2178866,2081227,97639,4.5
2008,Mar,60.8,58,2178034,2077321,100713,4.6
2008,Apr,60.8,57.8,2177852,2072897,104955,4.8
2008,May,60.7,57.7,2178344,2068253,110091,5.1
2008,Jun,60.7,57.5,2179192,2063354,115838,5.3
2008,Jul,60.6,57.3,2179298,2057701,121597,5.6
2008,Aug,60.6,57,2178199,2050572,127627,5.9
2008,Sep,60.5,56.7,2176487,2041145,135342,6.2
2008,Oct,60.4,56.3,2174964,2028929,146035,6.7
2008,Nov,60.3,55.9,2174068,2014057,160011,7.4
2008,Dec,60.3,55.4,2173742,1997479,176263,8.1
2009,Jan,60.2,54.9,2173685,1980615,193070,8.9
2009,Feb,60.2,54.4,2173720,1964927,208793,9.6
2009,Mar,60.2,54,2173702,1951720,221982,10.2
2009,Apr,60.1,53.7,2173271,1941359,231912,10.7
2009,May,60,53.4,2171932,1932868,239064,11
2009,Jun,59.9,53.2,2169509,1925237,244272,11.3
2009,Jul,59.8,52.9,2165955,1917686,248269,11.5
2009,Aug,59.6,52.7,2161334,1909996,251338,11.6
2009,Sep,59.4,52.5,2156021,1902838,253183,11.7
2009,Oct,59.2,52.3,2150606,1896957,253649,11.8
2009,Nov,59.1,52.1,2146482,1893152,253330,11.8
2009,Dec,59,52.1,2144499,1891907,252592,11.8
2010,Jan,59,52.1,2144182,1893169,251013,11.7
2010,Feb,58.9,52.1,2143881,1895920,247961,11.6
2010,Mar,58.9,52.2,2142133,1898914,243219,11.4
2010,Apr,59.6,53.2,2202028,1964959,237069,10.8
2010,May,59.9,53.7,2215715,1985529,230186,10.4
2010,Jun,59.8,53.8,2215606,1991532,224074,10.1
2010,Jul,59.7,53.8,2212806,1992510,220296,10
2010,Aug,59.6,53.7,2211477,1991908,219569,9.9
2010,Sep,59.6,53.7,2212523,1990948,221575,10
2010,Oct,59.7,53.6,2215139,1990369,224770,10.1
2010,Nov,59.7,53.6,2217545,1990270,227275,10.2
2010,Dec,59.7,53.6,2218306,1990304,228002,10.3
2011,Jan,59.7,53.5,2217245,1990151,227094,10.2
2011,Feb,59.6,53.5,2214781,1989525,225256,10.2
2011,Mar,59.5,53.5,2211546,1988337,223209,10.1
2011,Apr,59.4,53.4,2208494,1986912,221582,10
2011,May,59.3,53.4,2206536,1985926,220610,10
2011,Jun,59.2,53.3,2205399,1985894,219505,10
2011,Jul,59.2,53.4,2204490,1987195,217295,9.9
2011,Aug,59.1,53.4,2202706,1989639,213067,9.7
2011,Sep,59,53.4,2198917,1992593,206324,9.4
2011,Oct,58.8,53.5,2193291,1995331,197960,9
2011,Nov,58.6,53.5,2186335,1997246,189089,8.6
2011,Dec,58.4,53.5,2179075,1998090,180985,8.3
2012,Jan,58.2,53.5,2173177,1998157,175020,8.1
2012,Feb,58.1,53.5,2170249,1998044,172205,7.9
2012,Mar,58.1,53.4,2170701,1997949,172752,8
2012,Apr,58.1,53.4,2173301,1997920,175381,8.1
2012,May,58.2,53.4,2176682,1998414,178268,8.2
2012,Jun,58.2,53.4,2179696,1999858,179838,8.3
2012,Jul,58.2,53.5,2181117,2002056,179061,8.2
2012,Aug,58.2,53.5,2181066,2004772,176294,8.1
2012,Sep,58.2,53.6,2180876,2008050,172826,7.9
2012,Oct,58.1,53.6,2181018,2011534,169484,7.8
2012,Nov,58.1,53.7,2181645,2014832,166813,7.6
2012,Dec,58.1,53.7,2182661,2017815,164846,7.6
2013,Jan,58.1,53.7,2181055,2017941,163114,7.5
2013,Feb,58,53.7,2180812,2019734,161078,7.4
2013,Mar,58,53.8,2179552,2021069,158483,7.3
2013,Apr,57.9,53.8,2178107,2022206,155901,7.2
2013,May,57.9,53.8,2176524,2022526,153998,7.1
2013,Jun,57.8,53.7,2174765,2021523,153242,7
2013,Jul,57.7,53.6,2173167,2019444,153723,7.1
2013,Aug,57.6,53.5,2171405,2016769,154636,7.1
2013,Sep,57.6,53.4,2169270,2013925,155345,7.2
2013,Oct,57.5,53.3,2167625,2011611,156014,7.2
2013,Nov,57.5,53.3,2167180,2010357,156823,7.2
2013,Dec,57.4,53.3,2167665,2010100,157565,7.3
2014,Jan,57.4,53.3,2167589,2010442,157147,7.2
2014,Feb,57.4,53.3,2168122,2011318,156804,7.2
2014,Mar,57.4,53.3,2167611,2011797,155814,7.2
2014,Apr,57.3,53.2,2165472,2011409,154063,7.1
2014,May,57.2,53.2,2162335,2010805,151530,7
2014,Jun,57.1,53.2,2159591,2011006,148585,6.9
2014,Jul,57.1,53.2,2157687,2012088,145599,6.7
2014,Aug,57,53.2,2156791,2013967,142824,6.6
2014,Sep,57,53.3,2156474,2016370,140104,6.5
2014,Oct,56.9,53.3,2155862,2018798,137064,6.4
2014,Nov,56.9,53.3,2154576,2020730,133846,6.2
2014,Dec,56.8,53.4,2153458,2022147,131311,6.1
2015,Jan,56.9,53.4,2155229,2025225,130004,6
2015,Feb,56.9,53.4,2156195,2026213,129982,6
2015,Mar,56.9,53.5,2158191,2027365,130826,6.1
2015,Apr,57,53.5,2160755,2028665,132090,6.1
2015,May,57,53.5,2162849,2029647,133202,6.2
2015,Jun,57,53.5,2163514,2029908,133606,6.2
2015,Jul,57,53.4,2162981,2029739,133242,6.2
2015,Aug,56.9,53.4,2162075,2029663,132412,6.1
2015,Sep,56.9,53.4,2161765,2030331,131434,6.1
2015,Oct,56.9,53.4,2162971,2032300,130671,6
2015,Nov,56.9,53.5,2165764,2035509,130255,6
2015,Dec,57,53.6,2169206,2039299,129907,6
2016,Jan,57.1,53.7,2172388,2042932,129456,6
2016,Feb,57.1,53.7,2174756,2045861,128895,5.9
2016,Mar,57.1,53.8,2175985,2047937,128048,5.9
2016,Apr,57.1,53.8,2176610,2049567,127043,5.8
2016,May,57.1,53.8,2177744,2051324,126420,5.8
2016,Jun,57.2,53.8,2179914,2053478,126436,5.8
2016,Jul,57.2,53.9,2182979,2056026,126953,5.8
2016,Aug,57.3,53.9,2186380,2058626,127754,5.8
2016,Sep,57.3,54,2189475,2060940,128535,5.9
2016,Oct,57.4,54,2191550,2062982,128568,5.9
2016,Nov,57.4,54,2192334,2065186,127148,5.8
2016,Dec,57.3,54.1,2191838,2067861,123977,5.7
2017,Jan,57.3,54.2,2190329,2071081,119248,5.4
2017,Feb,57.2,54.2,2188348,2074705,113643,5.2
2017,Mar,57.1,54.3,2186288,2078249,108039,4.9
2017,Apr,57.1,54.4,2184662,2081749,102913,4.7
2017,May,57,54.5,2183769,2085452,98317,4.5
2017,Jun,57,54.5,2183742,2089327,94415,4.3
2017,Jul,57,54.6,2184590,2093230,91360,4.2
2017,Aug,57,54.7,2185775,2096855,88920,4.1
2017,Sep,57,54.8,2186882,2099944,86938,4
2017,Oct,57,54.8,2187906,2102409,85497,3.9
2017,Nov,57,54.8,2189013,2104285,84728,3.9
2017,Dec,57.1,54.9,2190664,2106038,84626,3.9
2018,Jan,57.1,54.9,2193503,2108270,85233,3.9
2018,Feb,57.2,55,2197940,2111603,86337,3.9
2018,Mar,57.4,55.1,2203652,2116089,87563,4
2018,Apr,57.5,55.2,2209336,2120773,88563,4
2018,May,57.6,55.3,2213939,2124833,89106,4
2018,Jun,57.7,55.4,2217374,2128455,88919,4
2018,Jul,57.7,55.4,2219912,2132025,87887,4
2018,Aug,57.8,55.5,2222360,2135951,86409,3.9
2018,Sep,57.8,55.6,2225266,2140433,84833,3.8
2018,Oct,57.9,55.7,2228692,2145326,83366,3.7
2018,Nov,57.9,55.8,2232417,2150295,82122,3.7
2018,Dec,58,55.9,2235806,2154840,80966,3.6
2019,Jan,58.1,56,2237931,2158471,79460,3.6
2019,Feb,58,56,2238155,2160923,77232,3.5
2019,Mar,58,56.1,2237126,2162757,74369,3.3
2019,Apr,58,56.1,2236130,2164945,71185,3.2
2019,May,57.9,56.2,2236013,2167956,68057,3
2019,Jun,57.9,56.3,2237028,2171639,65389,2.9
2019,Jul,58,56.3,2239558,2176144,63414,2.8
2019,Aug,58,56.4,2242626,2180477,62149,2.8
2019,Sep,58.1,56.5,2245766,2184271,61495,2.7
2019,Oct,58.1,56.5,2247981,2186771,61210,2.7
2019,Nov,58.1,56.5,2248190,2186809,61381,2.7
2019,Dec,58.1,56.5,2247886,2186356,61530,2.7
2020,Jan,58.1,56.5,2247721,2186652,61069,2.7
2020,Feb,58,56.4,2243960,2184305,59655,2.7
2020,Mar,57.3,55.6,2218590,2151586,67004,3
2020,Apr,56.7,48.9,2198485,1895950,302535,13.8
2020,May,57.8,52.2,2239608,2023565,216043,9.6
2020,Jun,56.6,52.3,2192427,2025759,166668,7.6
2020,Jul,57.5,53,2230709,2054153,176556,7.9
2020,Aug,58.4,55.1,2264223,2138368,125855,5.6
2020,Sep,58.1,54.3,2255268,2106356,148912,6.6
