Year,Period,labor force participation rate,employment-population ratio,labor force,employment,unemployment,unemployment rate
1976,Jan,57.5,53.2,882835,817756,65079,7.4
1976,Feb,57.4,53.1,882316,817132,65184,7.4
1976,Mar,57.3,53.1,881865,816687,65178,7.4
1976,Apr,57.3,53.1,882692,818130,64562,7.3
1976,May,57.4,53.2,884656,821026,63630,7.2
1976,Jun,57.5,53.5,887726,825275,62451,7
1976,Jul,57.7,53.7,891219,830028,61191,6.9
1976,Aug,57.8,53.9,894719,834576,60143,6.7
1976,Sep,57.9,54,898178,838703,59475,6.6
1976,Oct,58,54.2,901736,842429,59307,6.6
1976,Nov,58.1,54.3,905458,845924,59534,6.6
1976,Dec,58.2,54.4,909232,849277,59955,6.6
1977,Jan,58.3,54.5,912948,852573,60375,6.6
1977,Feb,58.4,54.6,916485,855865,60620,6.6
1977,Mar,58.5,54.7,919681,859108,60573,6.6
1977,Apr,58.6,54.8,922639,862374,60265,6.5
1977,May,58.7,54.9,925500,865597,59903,6.5
1977,Jun,58.7,55,928520,868832,59688,6.4
1977,Jul,58.8,55.1,932019,872217,59802,6.4
1977,Aug,59,55.2,935753,875682,60071,6.4
1977,Sep,59.1,55.3,938989,878807,60182,6.4
1977,Oct,59.1,55.3,941048,880979,60069,6.4
1977,Nov,59.1,55.3,941896,882194,59702,6.3
1977,Dec,58.9,55.2,941918,882812,59106,6.3
1978,Jan,58.8,55.2,941811,883454,58357,6.2
1978,Feb,58.7,55.1,942076,884470,57606,6.1
1978,Mar,58.7,55.1,942987,885955,57032,6
1978,Apr,58.7,55.2,944733,887947,56786,6
1978,May,58.8,55.2,947258,890315,56943,6
1978,Jun,58.8,55.3,950080,892655,57425,6
1978,Jul,58.9,55.3,952750,894666,58084,6.1
1978,Aug,58.9,55.3,955415,896415,59000,6.2
1978,Sep,59.1,55.3,958433,898223,60210,6.3
1978,Oct,59.2,55.4,962093,900646,61447,6.4
1978,Nov,59.4,55.5,966340,903797,62543,6.5
1978,Dec,59.5,55.6,970682,907360,63322,6.5
1979,Jan,59.7,55.8,974685,911083,63602,6.5
1979,Feb,59.8,55.9,978121,914818,63303,6.5
1979,Mar,59.8,56,980897,918386,62511,6.4
1979,Apr,59.9,56.1,982900,921373,61527,6.3
1979,May,59.9,56.2,984185,923532,60653,6.2
1979,Jun,59.8,56.2,984966,924817,60149,6.1
1979,Jul,59.8,56.1,985557,925507,60050,6.1
1979,Aug,59.7,56.1,986147,926036,60111,6.1
1979,Sep,59.7,56.1,986918,926785,60133,6.1
1979,Oct,59.7,56.1,987977,927948,60029,6.1
1979,Nov,59.7,56.1,989285,929439,59846,6
1979,Dec,59.7,56.1,990904,930868,60036,6.1
1980,Jan,59.8,56.1,992602,931492,61110,6.2
1980,Feb,59.8,56,994149,930776,63373,6.4
1980,Mar,59.8,55.8,995492,928681,66811,6.7
1980,Apr,59.8,55.5,996535,925651,70884,7.1
1980,May,59.8,55.3,997305,922449,74856,7.5
1980,Jun,59.8,55.1,997950,919849,78101,7.8
1980,Jul,59.8,54.9,998471,918170,80301,8
1980,Aug,59.7,54.8,998968,917525,81443,8.2
1980,Sep,59.7,54.8,999684,917880,81804,8.2
1980,Oct,59.8,54.9,1000852,918918,81934,8.2
1980,Nov,59.8,54.9,1002807,920512,82295,8.2
1980,Dec,59.9,55,1005818,922868,82950,8.2
1981,Jan,60.1,55.1,1009793,925860,83933,8.3
1981,Feb,60.3,55.3,1014248,929077,85171,8.4
1981,Mar,60.6,55.4,1018623,932234,86389,8.5
1981,Apr,60.7,55.5,1022383,934947,87436,8.6
1981,May,60.8,55.6,1025152,936910,88242,8.6
1981,Jun,60.9,55.6,1026941,938083,88858,8.7
1981,Jul,60.9,55.6,1027891,938496,89395,8.7
1981,Aug,60.9,55.5,1028092,937972,90120,8.8
1981,Sep,60.8,55.4,1027595,936349,91246,8.9
1981,Oct,60.7,55.3,1026531,933749,92782,9
1981,Nov,60.6,55,1024988,930337,94651,9.2
1981,Dec,60.5,54.8,1023165,926552,96613,9.4
1982,Jan,60.3,54.5,1021363,923128,98235,9.6
1982,Feb,60.2,54.4,1019880,920630,99250,9.7
1982,Mar,60.1,54.3,1018884,919150,99734,9.8
1982,Apr,60.1,54.2,1018649,918777,99872,9.8
1982,May,60.1,54.2,1019378,919497,99881,9.8
1982,Jun,60.2,54.3,1020955,920963,99992,9.8
1982,Jul,60.3,54.4,1023201,922731,100470,9.8
1982,Aug,60.4,54.4,1025855,924440,101415,9.9
1982,Sep,60.5,54.4,1028474,925771,102703,10
1982,Oct,60.5,54.4,1030451,926303,104148,10.1
1982,Nov,60.5,54.3,1031319,925927,105392,10.2
1982,Dec,60.4,54.2,1030870,924710,106160,10.3
1983,Jan,60.3,54,1029367,923004,106363,10.3
1983,Feb,60.1,53.9,1027484,921532,105952,10.3
1983,Mar,60,53.8,1025785,920802,104983,10.2
1983,Apr,59.8,53.8,1024824,921064,103760,10.1
1983,May,59.8,53.8,1024917,922231,102686,10
1983,Jun,59.8,53.9,1026092,924233,101859,9.9
1983,Jul,59.9,54,1028323,927141,101182,9.8
1983,Aug,60,54.1,1031350,930794,100556,9.7
1983,Sep,60.1,54.3,1034896,935105,99791,9.6
1983,Oct,60.3,54.6,1038727,940052,98675,9.5
1983,Nov,60.5,54.8,1042446,945177,97269,9.3
1983,Dec,60.6,55.1,1045712,949870,95842,9.2
1984,Jan,60.7,55.3,1048350,953758,94592,9
1984,Feb,60.8,55.4,1050173,956525,93648,8.9
1984,Mar,60.8,55.4,1051023,957997,93026,8.9
1984,Apr,60.7,55.4,1050667,958160,92507,8.8
1984,May,60.6,55.3,1049070,957144,91926,8.8
1984,Jun,60.3,55.1,1046454,955170,91284,8.7
1984,Jul,60.1,54.9,1043079,952533,90546,8.7
1984,Aug,59.9,54.7,1039440,949742,89698,8.6
1984,Sep,59.6,54.5,1036098,947119,88979,8.6
1984,Oct,59.5,54.4,1033683,945106,88577,8.6
1984,Nov,59.4,54.3,1032822,944358,88464,8.6
1984,Dec,59.4,54.3,1033611,945099,88512,8.6
1985,Jan,59.5,54.4,1035677,947038,88639,8.6
1985,Feb,59.6,54.5,1038522,949611,88911,8.6
1985,Mar,59.7,54.6,1041696,952334,89362,8.6
1985,Apr,59.9,54.7,1044833,954850,89983,8.6
1985,May,60,54.8,1047624,956944,90680,8.7
1985,Jun,60.1,54.9,1049820,958512,91308,8.7
1985,Jul,60.1,54.9,1051304,959439,91865,8.7
1985,Aug,60.2,54.9,1052165,959968,92197,8.8
1985,Sep,60.2,54.9,1052650,960455,92195,8.8
1985,Oct,60.1,54.9,1053052,961075,91977,8.7
1985,Nov,60.1,54.9,1053603,961859,91744,8.7
1985,Dec,60.1,54.9,1054437,962854,91583,8.7
1986,Jan,60.1,54.9,1055616,964069,91547,8.7
1986,Feb,60.2,55,1057189,965599,91590,8.7
1986,Mar,60.3,55.1,1059144,967562,91582,8.6
1986,Apr,60.4,55.2,1061433,969969,91464,8.6
1986,May,60.5,55.3,1064009,972781,91228,8.6
1986,Jun,60.6,55.4,1066875,975864,91011,8.5
1986,Jul,60.7,55.6,1069837,978900,90937,8.5
1986,Aug,60.8,55.7,1072517,981419,91098,8.5
1986,Sep,60.9,55.7,1074516,983134,91382,8.5
1986,Oct,60.9,55.7,1075532,983989,91543,8.5
1986,Nov,60.8,55.7,1075571,984089,91482,8.5
1986,Dec,60.8,55.6,1075353,984174,91179,8.5
1987,Jan,60.7,55.6,1075607,984919,90688,8.4
1987,Feb,60.8,55.7,1076693,986658,90035,8.4
1987,Mar,60.8,55.8,1078863,989465,89398,8.3
1987,Apr,61,55.9,1082028,993106,88922,8.2
1987,May,61.1,56.2,1085875,997253,88622,8.2
1987,Jun,61.3,56.3,1090060,1001625,88435,8.1
1987,Jul,61.5,56.6,1094380,1006155,88225,8.1
1987,Aug,61.7,56.8,1098556,1010550,88006,8
1987,Sep,61.9,57,1102327,1014521,87806,8
1987,Oct,62.1,57.2,1105475,1017858,87617,7.9
1987,Nov,62.2,57.3,1107837,1020490,87347,7.9
1987,Dec,62.2,57.4,1109182,1022145,87037,7.8
1988,Jan,62.3,57.4,1109527,1022813,86714,7.8
1988,Feb,62.2,57.4,1109327,1022955,86372,7.8
1988,Mar,62.2,57.4,1109023,1023003,86020,7.8
1988,Apr,62.2,57.4,1109022,1023357,85665,7.7
1988,May,62.2,57.4,1109435,1024102,85333,7.7
1988,Jun,62.2,57.4,1110097,1025117,84980,7.7
1988,Jul,62.2,57.5,1110900,1026348,84552,7.6
1988,Aug,62.3,57.6,1111945,1027967,83978,7.6
1988,Sep,62.3,57.7,1113411,1030126,83285,7.5
1988,Oct,62.4,57.8,1115337,1032759,82578,7.4
1988,Nov,62.5,58,1117660,1035711,81949,7.3
1988,Dec,62.6,58.1,1120121,1038683,81438,7.3
1989,Jan,62.8,58.2,1122542,1041488,81054,7.2
1989,Feb,62.9,58.3,1124625,1043776,80849,7.2
1989,Mar,63,58.4,1126180,1045480,80700,7.2
1989,Apr,63,58.5,1127208,1046781,80427,7.1
1989,May,63,58.5,1127880,1047948,79932,7.1
1989,Jun,63,58.6,1128429,1049176,79253,7
1989,Jul,63,58.6,1128966,1050383,78583,7
1989,Aug,63.1,58.7,1129576,1051615,77961,6.9
1989,Sep,63.1,58.8,1130304,1052983,77321,6.8
1989,Oct,63.1,58.8,1131280,1054598,76682,6.8
1989,Nov,63.2,58.9,1132401,1056246,76155,6.7
1989,Dec,63.2,59,1133443,1057621,75822,6.7
1990,Jan,64.3,60,1134088,1058429,75659,6.7
1990,Feb,64.2,59.9,1134049,1058445,75604,6.7
1990,Mar,64,59.7,1133273,1057603,75670,6.7
1990,Apr,63.8,59.5,1132017,1056117,75900,6.7
1990,May,63.6,59.3,1130782,1054459,76323,6.7
1990,Jun,63.4,59.1,1129991,1053079,76912,6.8
1990,Jul,63.3,59,1129955,1052352,77603,6.9
1990,Aug,63.3,58.9,1130554,1052075,78479,6.9
1990,Sep,63.3,58.8,1131275,1051659,79616,7
1990,Oct,63.2,58.7,1131585,1050696,80889,7.1
1990,Nov,63.1,58.6,1131306,1049210,82096,7.3
1990,Dec,63.1,58.4,1130465,1047363,83102,7.4
1991,Jan,62.9,58.3,1129183,1045299,83884,7.4
1991,Feb,62.8,58.1,1127841,1043422,84419,7.5
1991,Mar,62.7,58,1126678,1042026,84652,7.5
1991,Apr,62.6,57.9,1125820,1041231,84589,7.5
1991,May,62.5,57.8,1125441,1041165,84276,7.5
1991,Jun,62.5,57.8,1125673,1041874,83799,7.4
1991,Jul,62.4,57.8,1126454,1043144,83310,7.4
1991,Aug,62.5,57.9,1127966,1044958,83008,7.4
1991,Sep,62.5,57.9,1130495,1047416,83079,7.3
1991,Oct,62.7,58.1,1133945,1050380,83565,7.4
1991,Nov,62.8,58.2,1137999,1053719,84280,7.4
1991,Dec,63,58.3,1142281,1057377,84904,7.4
1992,Jan,63.2,58.5,1146490,1061269,85221,7.4
1992,Feb,63.4,58.7,1150345,1065157,85188,7.4
1992,Mar,63.5,58.8,1153656,1068834,84822,7.4
1992,Apr,63.6,58.9,1156154,1071888,84266,7.3
1992,May,63.6,59,1157557,1073913,83644,7.2
1992,Jun,63.5,59,1157872,1074850,83022,7.2
1992,Jul,63.5,58.9,1157363,1075015,82348,7.1
1992,Aug,63.3,58.8,1156217,1074733,81484,7
1992,Sep,63.1,58.7,1154734,1074404,80330,7
1992,Oct,62.9,58.6,1153510,1074611,78899,6.8
1992,Nov,62.8,58.6,1153038,1075656,77382,6.7
1992,Dec,62.7,58.6,1153716,1077703,76013,6.6
1993,Jan,62.7,58.7,1155745,1080810,74935,6.5
1993,Feb,62.8,58.8,1159067,1084891,74176,6.4
1993,Mar,63,59,1163539,1089825,73714,6.3
1993,Apr,63.2,59.2,1168717,1095314,73403,6.3
1993,May,63.3,59.4,1173940,1100808,73132,6.2
1993,Jun,63.5,59.6,1178642,1105801,72841,6.2
1993,Jul,63.6,59.7,1182516,1110058,72458,6.1
1993,Aug,63.7,59.8,1185640,1113657,71983,6.1
1993,Sep,63.7,59.9,1188210,1116839,71371,6
1993,Oct,63.7,59.9,1190400,1119719,70681,5.9
1993,Nov,63.8,60,1192475,1122480,69995,5.9
1993,Dec,63.8,60.1,1194855,1125520,69335,5.8
1994,Jan,63.9,60.2,1197813,1129100,68713,5.7
1994,Feb,64,60.4,1201288,1133136,68152,5.7
1994,Mar,64.2,60.6,1205068,1137356,67712,5.6
1994,Apr,64.3,60.7,1209161,1141811,67350,5.6
1994,May,64.5,60.9,1213570,1146607,66963,5.5
1994,Jun,64.6,61.1,1218020,1151585,66435,5.5
1994,Jul,64.8,61.3,1222154,1156451,65703,5.4
1994,Aug,64.9,61.5,1225654,1160938,64716,5.3
1994,Sep,65,61.6,1228688,1165036,63652,5.2
1994,Oct,65,61.7,1231560,1168936,62624,5.1
1994,Nov,65.1,61.8,1234320,1172677,61643,5
1994,Dec,65.1,61.9,1236476,1175675,60801,4.9
1995,Jan,65.1,62,1237573,1177459,60114,4.9
1995,Feb,65,61.9,1237595,1178058,59537,4.8
1995,Mar,64.9,61.8,1236692,1177624,59068,4.8
1995,Apr,64.8,61.7,1235257,1176497,58760,4.8
1995,May,64.6,61.6,1234006,1175349,58657,4.8
1995,Jun,64.6,61.5,1233709,1174929,58780,4.8
1995,Jul,64.5,61.4,1234815,1175685,59130,4.8
1995,Aug,64.6,61.5,1237244,1177585,59659,4.8
1995,Sep,64.7,61.5,1240309,1180034,60275,4.9
1995,Oct,64.7,61.6,1243190,1182297,60893,4.9
1995,Nov,64.8,61.6,1245323,1183791,61532,4.9
1995,Dec,64.8,61.5,1246562,1184345,62217,5
1996,Jan,64.7,61.4,1247123,1184140,62983,5.1
1996,Feb,64.7,61.4,1247304,1183466,63838,5.1
1996,Mar,64.6,61.3,1247530,1182858,64672,5.2
1996,Apr,64.6,61.2,1247994,1182655,65339,5.2
1996,May,64.5,61.1,1248668,1182901,65767,5.3
1996,Jun,64.5,61.1,1249485,1183501,65984,5.3
1996,Jul,64.5,61.1,1250283,1184186,66097,5.3
1996,Aug,64.4,61,1250740,1184536,66204,5.3
1996,Sep,64.3,60.9,1250448,1184178,66270,5.3
1996,Oct,64.2,60.8,1249328,1183025,66303,5.3
1996,Nov,64,60.6,1247742,1181447,66295,5.3
1996,Dec,63.9,60.5,1246242,1180114,66128,5.3
1997,Jan,63.7,60.4,1245137,1179361,65776,5.3
1997,Feb,63.6,60.3,1244553,1179196,65357,5.3
1997,Mar,63.6,60.3,1244493,1179482,65011,5.2
1997,Apr,63.6,60.3,1244777,1179872,64905,5.2
1997,May,63.5,60.2,1244981,1179951,65030,5.2
1997,Jun,63.4,60.1,1244657,1179429,65228,5.2
1997,Jul,63.3,60,1243704,1178391,65313,5.3
1997,Aug,63.2,59.9,1242413,1177158,65255,5.3
1997,Sep,63.1,59.8,1241126,1176057,65069,5.2
1997,Oct,63,59.7,1240054,1175154,64900,5.2
1997,Nov,62.9,59.6,1239166,1174301,64865,5.2
1997,Dec,62.8,59.5,1238516,1173497,65019,5.2
1998,Jan,62.7,59.4,1238166,1172904,65262,5.3
1998,Feb,62.7,59.4,1238102,1172757,65345,5.3
1998,Mar,62.7,59.4,1238108,1172996,65112,5.3
1998,Apr,62.6,59.4,1238176,1173572,64604,5.2
1998,May,62.6,59.4,1238535,1174462,64073,5.2
1998,Jun,62.6,59.4,1239296,1175531,63765,5.1
1998,Jul,62.6,59.4,1240423,1176658,63765,5.1
1998,Aug,62.6,59.4,1241919,1177944,63975,5.2
1998,Sep,62.6,59.4,1243794,1179603,64191,5.2
1998,Oct,62.7,59.5,1245761,1181714,64047,5.1
1998,Nov,62.7,59.5,1247461,1184174,63287,5.1
1998,Dec,62.7,59.6,1248666,1186660,62006,5
1999,Jan,62.7,59.6,1249336,1188869,60467,4.8
1999,Feb,62.6,59.7,1249778,1190692,59086,4.7
1999,Mar,62.6,59.7,1250392,1192224,58168,4.7
1999,Apr,62.6,59.7,1251322,1193567,57755,4.6
1999,May,62.6,59.7,1252453,1194723,57730,4.6
1999,Jun,62.6,59.7,1253715,1195840,57875,4.6
1999,Jul,62.6,59.7,1255126,1197129,57997,4.6
1999,Aug,62.6,59.7,1256628,1198749,57879,4.6
1999,Sep,62.6,59.8,1258157,1200682,57475,4.6
1999,Oct,62.6,59.8,1259816,1202884,56932,4.5
1999,Nov,62.6,59.8,1261632,1205264,56368,4.5
1999,Dec,62.7,59.9,1263302,1207477,55825,4.4
2000,Jan,62.7,59.9,1264619,1209288,55331,4.4
2000,Feb,62.7,59.9,1265218,1210409,54809,4.3
2000,Mar,62.6,59.9,1264912,1210651,54261,4.3
2000,Apr,62.5,59.8,1263822,1210092,53730,4.3
2000,May,62.4,59.7,1262136,1208931,53205,4.2
2000,Jun,62.2,59.6,1260089,1207303,52786,4.2
2000,Jul,62,59.5,1257820,1205263,52557,4.2
2000,Aug,61.9,59.3,1255550,1203013,52537,4.2
2000,Sep,61.8,59.2,1253620,1200825,52795,4.2
2000,Oct,61.7,59,1252246,1198914,53332,4.3
2000,Nov,61.6,58.9,1251531,1197356,54175,4.3
2000,Dec,61.6,58.8,1251430,1196151,55279,4.4
2001,Jan,61.5,58.8,1251600,1195056,56544,4.5
2001,Feb,61.5,58.7,1251882,1193988,57894,4.6
2001,Mar,61.5,58.6,1252232,1193061,59171,4.7
2001,Apr,61.5,58.5,1252520,1192285,60235,4.8
2001,May,61.5,58.5,1252804,1191734,61070,4.9
2001,Jun,61.5,58.4,1253045,1191351,61694,4.9
2001,Jul,61.4,58.4,1253331,1191086,62245,5
2001,Aug,61.4,58.3,1253601,1190602,62999,5
2001,Sep,61.4,58.2,1253762,1189727,64035,5.1
2001,Oct,61.3,58.2,1254026,1188736,65290,5.2
2001,Nov,61.4,58.1,1254704,1187995,66709,5.3
2001,Dec,61.4,58.1,1256205,1188056,68149,5.4
2002,Jan,61.5,58.1,1258727,1189330,69397,5.5
2002,Feb,61.6,58.2,1261982,1191739,70243,5.6
2002,Mar,61.8,58.3,1265380,1194793,70587,5.6
2002,Apr,61.9,58.5,1268600,1198134,70466,5.6
2002,May,62,58.6,1271388,1201396,69992,5.5
2002,Jun,62.1,58.7,1273564,1204211,69353,5.4
2002,Jul,62.1,58.8,1274997,1206237,68760,5.4
2002,Aug,62.1,58.8,1275846,1207454,68392,5.4
2002,Sep,62.1,58.7,1276294,1207906,68388,5.4
2002,Oct,62,58.7,1276225,1207429,68796,5.4
2002,Nov,61.9,58.6,1275540,1206046,69494,5.4
2002,Dec,61.8,58.4,1274165,1203829,70336,5.5
2003,Jan,61.7,58.2,1272297,1201005,71292,5.6
2003,Feb,61.6,58.1,1270302,1197968,72334,5.7
2003,Mar,61.5,57.9,1268529,1195131,73398,5.8
2003,Apr,61.4,57.8,1267127,1192684,74443,5.9
2003,May,61.3,57.7,1266331,1190875,75456,6
2003,Jun,61.3,57.6,1266588,1190192,76396,6
2003,Jul,61.3,57.6,1267955,1190870,77085,6.1
2003,Aug,61.4,57.6,1270195,1192795,77400,6.1
2003,Sep,61.4,57.7,1272976,1195674,77302,6.1
2003,Oct,61.5,57.8,1276052,1199113,76939,6
2003,Nov,61.6,57.9,1279152,1202674,76478,6
2003,Dec,61.7,58.1,1282026,1205994,76032,5.9
2004,Jan,61.8,58.2,1284503,1208819,75684,5.9
2004,Feb,61.9,58.2,1286687,1211220,75467,5.9
2004,Mar,61.9,58.3,1288975,1213612,75363,5.8
2004,Apr,62,58.4,1291543,1216328,75215,5.8
2004,May,62.1,58.5,1294356,1219465,74891,5.8
2004,Jun,62.2,58.6,1297320,1222953,74367,5.7
2004,Jul,62.3,58.8,1300561,1226778,73783,5.7
2004,Aug,62.4,58.9,1304051,1230760,73291,5.6
2004,Sep,62.5,59,1307712,1234730,72982,5.6
2004,Oct,62.6,59.1,1311451,1238632,72819,5.6
2004,Nov,62.7,59.3,1315208,1242563,72645,5.5
2004,Dec,62.9,59.4,1319152,1246763,72389,5.5
2005,Jan,63,59.6,1323353,1251399,71954,5.4
2005,Feb,63.2,59.8,1327774,1256419,71355,5.4
2005,Mar,63.3,60,1332312,1261519,70793,5.3
2005,Apr,63.5,60.1,1337015,1266537,70478,5.3
2005,May,63.7,60.3,1341906,1271442,70464,5.3
2005,Jun,63.8,60.5,1346646,1276022,70624,5.2
2005,Jul,63.9,60.6,1350816,1279994,70822,5.2
2005,Aug,64,60.7,1354200,1283403,70797,5.2
2005,Sep,63.9,60.6,1356821,1286450,70371,5.2
2005,Oct,64,60.7,1358842,1289245,69597,5.1
2005,Nov,64,60.8,1360553,1291767,68786,5.1
2005,Dec,64,60.8,1362062,1293826,68236,5
2006,Jan,64,60.8,1363542,1295400,68142,5
2006,Feb,64,60.8,1364932,1296413,68519,5
2006,Mar,64,60.7,1365983,1296777,69206,5.1
2006,Apr,63.9,60.7,1366445,1296429,70016,5.1
2006,May,63.9,60.5,1366148,1295426,70722,5.2
2006,Jun,63.7,60.4,1365314,1294071,71243,5.2
2006,Jul,63.6,60.3,1364446,1292910,71536,5.2
2006,Aug,63.5,60.2,1363987,1292356,71631,5.3
2006,Sep,63.5,60.1,1364125,1292439,71686,5.3
2006,Oct,63.5,60.1,1364981,1293299,71682,5.3
2006,Nov,63.5,60.1,1366384,1294766,71618,5.2
2006,Dec,63.5,60.2,1367842,1296341,71501,5.2
2007,Jan,63.5,60.2,1368952,1297568,71384,5.2
2007,Feb,63.5,60.2,1369549,1298140,71409,5.2
2007,Mar,63.4,60.1,1369593,1297970,71623,5.2
2007,Apr,63.3,60,1369275,1297217,72058,5.3
2007,May,63.3,59.9,1368861,1296134,72727,5.3
2007,Jun,63.2,59.8,1368485,1295049,73436,5.4
2007,Jul,63.1,59.7,1368288,1294292,73996,5.4
2007,Aug,63.1,59.7,1368429,1294104,74325,5.4
2007,Sep,63.1,59.6,1368937,1294768,74169,5.4
2007,Oct,63,59.7,1369630,1296215,73415,5.4
2007,Nov,63,59.7,1370296,1298179,72117,5.3
2007,Dec,63,59.8,1370993,1300447,70546,5.1
2008,Jan,63,59.8,1371702,1302583,69119,5
2008,Feb,63,59.9,1372373,1304276,68097,5
2008,Mar,63,59.9,1373075,1305364,67711,4.9
2008,Apr,63,59.8,1373905,1305801,68104,5
2008,May,63,59.8,1375005,1305780,69225,5
2008,Jun,63,59.7,1376388,1305374,71014,5.2
2008,Jul,63,59.6,1377649,1304334,73315,5.3
2008,Aug,63,59.5,1378339,1302247,76092,5.5
2008,Sep,62.9,59.3,1378258,1298773,79485,5.8
2008,Oct,62.8,59,1377361,1293812,83549,6.1
2008,Nov,62.7,58.7,1375782,1287664,88118,6.4
2008,Dec,62.6,58.4,1373717,1280857,92860,6.8
2009,Jan,62.4,58,1371285,1273890,97395,7.1
2009,Feb,62.3,57.7,1368869,1267462,101407,7.4
2009,Mar,62.2,57.4,1366740,1262198,104542,7.6
2009,Apr,62,57.2,1364748,1258228,106520,7.8
2009,May,61.9,57,1362623,1255134,107489,7.9
2009,Jun,61.8,56.9,1360365,1252557,107808,7.9
2009,Jul,61.6,56.7,1358090,1250215,107875,7.9
2009,Aug,61.5,56.6,1355755,1247819,107936,8
2009,Sep,61.3,56.4,1353243,1245115,108128,8
2009,Oct,61.1,56.2,1350513,1241970,108543,8
2009,Nov,61,56,1347827,1238682,109145,8.1
2009,Dec,60.8,55.9,1345690,1235879,109811,8.2
2010,Jan,60.8,55.8,1344729,1234457,110272,8.2
2010,Feb,60.7,55.8,1345101,1234769,110332,8.2
2010,Mar,60.8,55.8,1346699,1236603,110096,8.2
2010,Apr,60.5,55.5,1349305,1239491,109814,8.1
2010,May,60.6,55.6,1352246,1242672,109574,8.1
2010,Jun,60.6,55.7,1354708,1245193,109515,8.1
2010,Jul,60.6,55.7,1356281,1246536,109745,8.1
2010,Aug,60.6,55.7,1357229,1246897,110332,8.1
2010,Sep,60.6,55.6,1357956,1246675,111281,8.2
2010,Oct,60.6,55.6,1358740,1246341,112399,8.3
2010,Nov,60.6,55.5,1359844,1246324,113520,8.3
2010,Dec,60.6,55.5,1361151,1246683,114468,8.4
2011,Jan,60.6,55.5,1362117,1246936,115181,8.5
2011,Feb,60.6,55.5,1362339,1246677,115662,8.5
2011,Mar,60.5,55.4,1361797,1245986,115811,8.5
2011,Apr,60.5,55.3,1360729,1245118,115611,8.5
2011,May,60.4,55.3,1359781,1244596,115185,8.5
2011,Jun,60.3,55.2,1359520,1244978,114542,8.4
2011,Jul,60.3,55.3,1360317,1246599,113718,8.4
2011,Aug,60.4,55.4,1361993,1249276,112717,8.3
2011,Sep,60.4,55.5,1363951,1252523,111428,8.2
2011,Oct,60.5,55.6,1365660,1255728,109932,8
2011,Nov,60.5,55.7,1366313,1258015,108298,7.9
2011,Dec,60.4,55.7,1365422,1258774,106648,7.8
2012,Jan,60.3,55.6,1363322,1258194,105128,7.7
2012,Feb,60.1,55.5,1360430,1256572,103858,7.6
2012,Mar,60,55.4,1357024,1254064,102960,7.6
2012,Apr,59.8,55.3,1353406,1250988,102418,7.6
2012,May,59.6,55.1,1349774,1247651,102123,7.6
2012,Jun,59.4,54.9,1345970,1244049,101921,7.6
2012,Jul,59.2,54.7,1341588,1239998,101590,7.6
2012,Aug,58.9,54.5,1336800,1235720,101080,7.6
2012,Sep,58.7,54.3,1332413,1231885,100528,7.5
2012,Oct,58.5,54.1,1328909,1228964,99945,7.5
2012,Nov,58.4,54,1326628,1227266,99362,7.5
2012,Dec,58.4,54,1325703,1226880,98823,7.5
2013,Jan,58.3,54,1325721,1227306,98415,7.4
2013,Feb,58.4,54,1326140,1227981,98159,7.4
2013,Mar,58.4,54,1326434,1228455,97979,7.4
2013,Apr,58.3,54,1326202,1228419,97783,7.4
2013,May,58.3,54,1325281,1227772,97509,7.4
2013,Jun,58.2,53.9,1324000,1226874,97126,7.3
2013,Jul,58.1,53.9,1322766,1226174,96592,7.3
2013,Aug,58,53.8,1321408,1225720,95688,7.2
2013,Sep,57.9,53.8,1319612,1225301,94311,7.1
2013,Oct,57.8,53.7,1317651,1224973,92678,7
2013,Nov,57.7,53.7,1315812,1224887,90925,6.9
2013,Dec,57.6,53.7,1314233,1225176,89057,6.8
2014,Jan,57.6,53.7,1313361,1226351,87010,6.6
2014,Feb,57.5,53.8,1312912,1227953,84959,6.5
2014,Mar,57.5,53.9,1312795,1229772,83023,6.3
2014,Apr,57.5,53.9,1312909,1231554,81355,6.2
2014,May,57.5,54,1313181,1233243,79938,6.1
2014,Jun,57.5,54,1313710,1234973,78737,6
2014,Jul,57.5,54.1,1314665,1236927,77738,5.9
2014,Aug,57.5,54.2,1316300,1239340,76960,5.8
2014,Sep,57.6,54.3,1318569,1242232,76337,5.8
2014,Oct,57.7,54.4,1321016,1245304,75712,5.7
2014,Nov,57.8,54.5,1323148,1248056,75092,5.7
2014,Dec,57.8,54.5,1324880,1250267,74613,5.6
2015,Jan,57.8,54.6,1326036,1252085,73951,5.6
2015,Feb,57.9,54.7,1327114,1253507,73607,5.5
2015,Mar,57.9,54.7,1328132,1255129,73003,5.5
2015,Apr,57.9,54.8,1329207,1257263,71944,5.4
2015,May,57.9,54.9,1330320,1259919,70401,5.3
2015,Jun,58,55,1331306,1262825,68481,5.1
2015,Jul,58,55.1,1332142,1265765,66377,5
2015,Aug,58,55.2,1332836,1268549,64287,4.8
2015,Sep,58,55.3,1333420,1271086,62334,4.7
2015,Oct,58,55.3,1334177,1273561,60616,4.5
2015,Nov,58,55.4,1335284,1276163,59121,4.4
2015,Dec,58,55.5,1336483,1278705,57778,4.3
2016,Jan,58,55.6,1337486,1280917,56569,4.2
2016,Feb,58,55.6,1338202,1282661,55541,4.2
2016,Mar,58,55.7,1338608,1283913,54695,4.1
2016,Apr,58,55.7,1338900,1284824,54076,4
2016,May,58,55.7,1339336,1285666,53670,4
2016,Jun,58,55.7,1339929,1286579,53350,4
2016,Jul,58,55.7,1340483,1287491,52992,4
2016,Aug,58,55.7,1340822,1288257,52565,3.9
2016,Sep,58,55.7,1340911,1288824,52087,3.9
2016,Oct,57.9,55.7,1340679,1289185,51494,3.8
2016,Nov,57.9,55.7,1340333,1289558,50775,3.8
2016,Dec,57.9,55.7,1340253,1290214,50039,3.7
2017,Jan,57.9,55.7,1340760,1291336,49424,3.7
2017,Feb,57.9,55.8,1341916,1292907,49009,3.7
2017,Mar,57.9,55.8,1343493,1294611,48882,3.6
2017,Apr,58,55.9,1345229,1296194,49035,3.6
2017,May,58,55.9,1346838,1297486,49352,3.7
2017,Jun,58.1,55.9,1348160,1298417,49743,3.7
2017,Jul,58.1,55.9,1349144,1299024,50120,3.7
2017,Aug,58.1,55.9,1349708,1299345,50363,3.7
2017,Sep,58.1,55.9,1349858,1299427,50431,3.7
2017,Oct,58,55.9,1349769,1299370,50399,3.7
2017,Nov,58,55.8,1349591,1299197,50394,3.7
2017,Dec,58,55.8,1349478,1299051,50427,3.7
2018,Jan,58,55.8,1349555,1299054,50501,3.7
2018,Feb,58,55.8,1349868,1299305,50563,3.7
2018,Mar,58,55.8,1350386,1299917,50469,3.7
2018,Apr,58,55.8,1350866,1300745,50121,3.7
2018,May,58,55.8,1351212,1301603,49609,3.7
2018,Jun,58,55.9,1351596,1302534,49062,3.6
2018,Jul,58,55.9,1352169,1303583,48586,3.6
2018,Aug,58,55.9,1353228,1304892,48336,3.6
2018,Sep,58,55.9,1354940,1306573,48367,3.6
2018,Oct,58.1,56,1357108,1308521,48587,3.6
2018,Nov,58.2,56.1,1359350,1310531,48819,3.6
2018,Dec,58.2,56.1,1361225,1312311,48914,3.6
2019,Jan,58.3,56.2,1362313,1313527,48786,3.6
2019,Feb,58.2,56.2,1362467,1313963,48504,3.6
2019,Mar,58.2,56.1,1361942,1313673,48269,3.5
2019,Apr,58.2,56.1,1361142,1312967,48175,3.5
2019,May,58.1,56,1360506,1312287,48219,3.5
2019,Jun,58.1,56,1360371,1312004,48367,3.6
2019,Jul,58.1,56,1361041,1312512,48529,3.6
2019,Aug,58.1,56,1362055,1313485,48570,3.6
2019,Sep,58.1,56.1,1363257,1314807,48450,3.6
2019,Oct,58.1,56.1,1364178,1315900,48278,3.5
2019,Nov,58.1,56.1,1364331,1316141,48190,3.5
2019,Dec,58.1,56,1364255,1316069,48186,3.5
2020,Jan,58.2,56.1,1366308,1318240,48068,3.5
2020,Feb,58.2,56.2,1367709,1319907,47802,3.5
2020,Mar,59,56,1386469,1316741,69728,5
2020,Apr,55.7,49.7,1309681,1168783,140898,10.8
2020,May,57.2,51.7,1345509,1216249,129260,9.6
2020,Jun,55.9,51.3,1314162,1207757,106405,8.1
2020,Jul,55.5,51.5,1305613,1212637,92976,7.1
2020,Aug,57,52.8,1343186,1243669,99517,7.4
2020,Sep,56.7,52.6,1335469,1238278,97191,7.3
