Year,Period,labor force participation rate,employment-population ratio,labor force,employment,unemployment,unemployment rate
1976,Jan,65.3,59.4,339378,308820,30558,9
1976,Feb,65.4,59.5,339539,308976,30563,9
1976,Mar,65.4,59.6,339517,309128,30389,9
1976,Apr,65.4,59.6,338609,308673,29936,8.8
1976,May,65.1,59.4,337253,307776,29477,8.7
1976,Jun,64.9,59.3,335657,306449,29208,8.7
1976,Jul,64.6,59,334066,304814,29252,8.8
1976,Aug,64.4,58.7,332802,303227,29575,8.9
1976,Sep,64.3,58.5,331749,301823,29926,9
1976,Oct,64.1,58.3,330917,300722,30195,9.1
1976,Nov,64.2,58.3,330384,300006,30378,9.2
1976,Dec,64.1,58.2,330202,299736,30466,9.2
1977,Jan,64.1,58.2,330333,299853,30480,9.2
1977,Feb,64.3,58.4,330583,300117,30466,9.2
1977,Mar,64.3,58.4,330687,300193,30494,9.2
1977,Apr,64.4,58.5,330531,299929,30602,9.3
1977,May,64.4,58.4,330148,299404,30744,9.3
1977,Jun,64.4,58.4,329634,298809,30825,9.4
1977,Jul,64.3,58.3,329182,298416,30766,9.3
1977,Aug,64.3,58.3,329043,298485,30558,9.3
1977,Sep,64.3,58.4,329430,299157,30273,9.2
1977,Oct,64.6,58.8,330318,300394,29924,9.1
1977,Nov,64.9,59.1,331474,301952,29522,8.9
1977,Dec,65.1,59.4,332612,303460,29152,8.8
1978,Jan,65.3,59.6,333505,304642,28863,8.7
1978,Feb,65.5,59.9,334109,305435,28674,8.6
1978,Mar,65.6,60,334534,305968,28566,8.5
1978,Apr,65.6,60.1,334814,306343,28471,8.5
1978,May,65.7,60.1,334969,306651,28318,8.5
1978,Jun,65.8,60.3,335054,306999,28055,8.4
1978,Jul,65.8,60.4,335102,307417,27685,8.3
1978,Aug,66,60.6,335143,307872,27271,8.1
1978,Sep,66,60.7,335161,308266,26895,8
1978,Oct,66.1,60.8,335056,308434,26622,7.9
1978,Nov,66,60.8,334692,308226,26466,7.9
1978,Dec,66,60.8,333978,307615,26363,7.9
1979,Jan,65.8,60.6,332921,306713,26208,7.9
1979,Feb,65.7,60.5,331629,305746,25883,7.8
1979,Mar,65.5,60.5,330268,304953,25315,7.7
1979,Apr,65.3,60.4,329155,304615,24540,7.5
1979,May,65.3,60.6,328534,304852,23682,7.2
1979,Jun,65.3,60.7,328379,305479,22900,7
1979,Jul,65.4,61,328514,306241,22273,6.8
1979,Aug,65.6,61.2,328585,306782,21803,6.6
1979,Sep,65.7,61.4,328309,306841,21468,6.5
1979,Oct,65.7,61.4,327660,306427,21233,6.5
1979,Nov,65.6,61.4,326792,305732,21060,6.4
1979,Dec,65.6,61.4,325915,304966,20949,6.4
1980,Jan,65.7,61.5,325218,304283,20935,6.4
1980,Feb,65.8,61.5,324833,303773,21060,6.5
1980,Mar,65.9,61.5,324788,303440,21348,6.6
1980,Apr,66,61.6,324900,303087,21813,6.7
1980,May,66,61.5,324836,302403,22433,6.9
1980,Jun,66.1,61.3,324376,301206,23170,7.1
1980,Jul,65.9,61,323381,299392,23989,7.4
1980,Aug,65.6,60.5,321937,297113,24824,7.7
1980,Sep,65.2,60,320230,294657,25573,8
1980,Oct,65,59.6,318441,292277,26164,8.2
1980,Nov,64.6,59.2,316755,290204,26551,8.4
1980,Dec,64.3,58.9,315281,288556,26725,8.5
1981,Jan,64.1,58.6,313993,287239,26754,8.5
1981,Feb,64,58.5,312721,285977,26744,8.6
1981,Mar,63.7,58.2,311257,284475,26782,8.6
1981,Apr,63.3,57.8,309521,282618,26903,8.7
1981,May,62.9,57.4,307651,280568,27083,8.8
1981,Jun,62.7,57.1,305863,278611,27252,8.9
1981,Jul,62.4,56.8,304349,276974,27375,9
1981,Aug,62.1,56.5,303200,275750,27450,9.1
1981,Sep,62.1,56.5,302464,274941,27523,9.1
1981,Oct,62,56.4,302183,274490,27693,9.2
1981,Nov,62.1,56.3,302274,274231,28043,9.3
1981,Dec,62.3,56.4,302641,274041,28600,9.5
1982,Jan,62.4,56.4,303219,273897,29322,9.7
1982,Feb,62.5,56.3,303965,273826,30139,9.9
1982,Mar,62.9,56.5,304849,273906,30943,10.2
1982,Apr,63.1,56.5,305803,274194,31609,10.3
1982,May,63.2,56.6,306702,274634,32068,10.5
1982,Jun,63.5,56.8,307450,275112,32338,10.5
1982,Jul,63.7,56.9,308079,275594,32485,10.5
1982,Aug,63.8,57,308695,276076,32619,10.6
1982,Sep,63.9,57.1,309338,276488,32850,10.6
1982,Oct,64,57.2,309953,276766,33187,10.7
1982,Nov,64.2,57.2,310631,277001,33630,10.8
1982,Dec,64.4,57.3,311467,277320,34147,11
1983,Jan,64.6,57.4,312470,277799,34671,11.1
1983,Feb,64.9,57.7,313615,278500,35115,11.2
1983,Mar,65.2,57.8,314788,279333,35455,11.3
1983,Apr,65.4,58,315903,280192,35711,11.3
1983,May,65.6,58.2,316908,281011,35897,11.3
1983,Jun,65.8,58.3,317706,281695,36011,11.3
1983,Jul,65.9,58.4,318192,282140,36052,11.3
1983,Aug,65.9,58.4,318302,282284,36018,11.3
1983,Sep,65.9,58.4,318118,282232,35886,11.3
1983,Oct,65.8,58.4,317798,282169,35629,11.2
1983,Nov,65.7,58.4,317389,282202,35187,11.1
1983,Dec,65.6,58.5,316943,282434,34509,10.9
1984,Jan,65.6,58.6,316629,283042,33587,10.6
1984,Feb,65.5,58.8,316568,284099,32469,10.3
1984,Mar,65.6,59.1,316904,285637,31267,9.9
1984,Apr,65.8,59.5,317658,287523,30135,9.5
1984,May,66,59.9,318772,289538,29234,9.2
1984,Jun,66.3,60.4,320211,291581,28630,8.9
1984,Jul,66.6,60.8,321878,293591,28287,8.8
1984,Aug,67,61.2,323625,295512,28113,8.7
1984,Sep,67.3,61.5,325221,297207,28014,8.6
1984,Oct,67.6,61.8,326489,298567,27922,8.6
1984,Nov,67.8,62,327296,299478,27818,8.5
1984,Dec,67.8,62.1,327533,299813,27720,8.5
1985,Jan,67.7,62,327191,299526,27665,8.5
1985,Feb,67.4,61.7,326426,298761,27665,8.5
1985,Mar,67.2,61.5,325452,297771,27681,8.5
1985,Apr,67,61.3,324497,296847,27650,8.5
1985,May,66.9,61.2,323723,296211,27512,8.5
1985,Jun,66.8,61.1,323150,295907,27243,8.4
1985,Jul,66.7,61.1,322767,295932,26835,8.3
1985,Aug,66.6,61.2,322520,296265,26255,8.1
1985,Sep,66.7,61.5,322383,296873,25510,7.9
1985,Oct,66.7,61.6,322307,297616,24691,7.7
1985,Nov,66.9,61.9,322278,298344,23934,7.4
1985,Dec,66.9,62,322326,298939,23387,7.3
1986,Jan,66.9,62.1,322370,299215,23155,7.2
1986,Feb,67,62.2,322323,299063,23260,7.2
1986,Mar,67,62.1,322154,298533,23621,7.3
1986,Apr,67.1,62.1,321953,297865,24088,7.5
1986,May,67.1,62,321870,297373,24497,7.6
1986,Jun,67.2,62.1,322052,297291,24761,7.7
1986,Jul,67.3,62.1,322548,297656,24892,7.7
1986,Aug,67.5,62.3,323311,298356,24955,7.7
1986,Sep,67.8,62.6,324223,299228,24995,7.7
1986,Oct,68,62.8,325166,300186,24980,7.7
1986,Nov,68.4,63.2,326097,301259,24838,7.6
1986,Dec,68.6,63.4,327012,302515,24497,7.5
1987,Jan,68.8,63.7,327947,304008,23939,7.3
1987,Feb,69.1,64.2,328924,305702,23222,7.1
1987,Mar,69.3,64.6,329927,307467,22460,6.8
1987,Apr,69.6,65.1,330819,309041,21778,6.6
1987,May,69.8,65.3,331393,310146,21247,6.4
1987,Jun,69.9,65.5,331542,310683,20859,6.3
1987,Jul,69.9,65.6,331290,310752,20538,6.2
1987,Aug,69.9,65.7,330763,310556,20207,6.1
1987,Sep,69.8,65.6,330157,310338,19819,6
1987,Oct,69.8,65.7,329684,310299,19385,5.9
1987,Nov,70,65.9,329515,310560,18955,5.8
1987,Dec,70,66.1,329733,311161,18572,5.6
1988,Jan,70.3,66.4,330308,312074,18234,5.5
1988,Feb,70.6,66.8,331081,313171,17910,5.4
1988,Mar,70.8,67,331832,314260,17572,5.3
1988,Apr,71,67.3,332372,315162,17210,5.2
1988,May,71.2,67.6,332560,315713,16847,5.1
1988,Jun,71.2,67.6,332285,315780,16505,5
1988,Jul,71.1,67.7,331552,315350,16202,4.9
1988,Aug,71.1,67.6,330457,314488,15969,4.8
1988,Sep,70.9,67.5,329097,313269,15828,4.8
1988,Oct,70.7,67.3,327496,311744,15752,4.8
1988,Nov,70.5,67.1,325653,309956,15697,4.8
1988,Dec,70.2,66.8,323596,307955,15641,4.8
1989,Jan,69.9,66.5,321437,305854,15583,4.8
1989,Feb,69.7,66.3,319259,303734,15525,4.9
1989,Mar,69.4,66,317170,301712,15458,4.9
1989,Apr,69.2,65.8,315360,299994,15366,4.9
1989,May,69,65.7,314026,298778,15248,4.9
1989,Jun,69,65.7,313226,298097,15129,4.8
1989,Jul,69.1,65.7,312837,297787,15050,4.8
1989,Aug,69.2,65.9,312717,297679,15038,4.8
1989,Sep,69.4,66,312780,297649,15131,4.8
1989,Oct,69.6,66.1,312998,297601,15397,4.9
1989,Nov,69.8,66.2,313279,297395,15884,5.1
1989,Dec,70,66.3,313492,296923,16569,5.3
1990,Jan,68.3,64.6,327071,309690,17381,5.3
1990,Feb,68.8,65,330951,312719,18232,5.5
1990,Mar,68.7,64.8,331744,312709,19035,5.7
1990,Apr,68.5,64.4,331398,311663,19735,6
1990,May,67.9,63.7,330594,310278,20316,6.1
1990,Jun,67.5,63.3,329686,308884,20802,6.3
1990,Jul,67.2,62.9,328934,307701,21233,6.5
1990,Aug,67.2,62.7,328387,306763,21624,6.6
1990,Sep,67.3,62.8,327883,305936,21947,6.7
1990,Oct,67.2,62.7,327233,305073,22160,6.8
1990,Nov,67.1,62.6,326323,304073,22250,6.8
1990,Dec,67,62.4,325153,302871,22282,6.9
1991,Jan,66.8,62.2,323854,301495,22359,6.9
1991,Feb,66.8,62.1,322644,300069,22575,7
1991,Mar,66.7,61.9,321724,298752,22972,7.1
1991,Apr,66.7,61.8,321232,297692,23540,7.3
1991,May,66.7,61.7,321091,296879,24212,7.5
1991,Jun,67,61.8,321133,296248,24885,7.7
1991,Jul,67.1,61.7,321176,295695,25481,7.9
1991,Aug,67.1,61.7,321146,295156,25990,8.1
1991,Sep,67.2,61.7,321088,294654,26434,8.2
1991,Oct,67.2,61.5,321071,294229,26842,8.4
1991,Nov,67.3,61.6,321186,293988,27198,8.5
1991,Dec,67.4,61.7,321434,293982,27452,8.5
1992,Jan,67.6,61.8,321670,294096,27574,8.6
1992,Feb,67.7,61.9,321705,294149,27556,8.6
1992,Mar,67.7,61.9,321415,294002,27413,8.5
1992,Apr,67.6,61.9,320677,293484,27193,8.5
1992,May,67.5,61.8,319523,292554,26969,8.4
1992,Jun,67.1,61.5,318093,291259,26834,8.4
1992,Jul,66.9,61.2,316500,289664,26836,8.5
1992,Aug,66.6,60.9,314953,287989,26964,8.6
1992,Sep,66.3,60.6,313724,286540,27184,8.7
1992,Oct,66.3,60.5,313027,285600,27427,8.8
1992,Nov,66.2,60.3,312911,285281,27630,8.8
1992,Dec,66.4,60.5,313300,285561,27739,8.9
1993,Jan,66.5,60.6,314014,286311,27703,8.8
1993,Feb,66.7,60.9,314823,287292,27531,8.7
1993,Mar,66.8,61,315525,288228,27297,8.7
1993,Apr,67,61.3,316017,288951,27066,8.6
1993,May,67.2,61.4,316285,289398,26887,8.5
1993,Jun,67.1,61.4,316394,289610,26784,8.5
1993,Jul,67.2,61.6,316476,289737,26739,8.4
1993,Aug,67.2,61.5,316540,289805,26735,8.4
1993,Sep,67.3,61.6,316411,289678,26733,8.4
1993,Oct,67.2,61.6,315896,289187,26709,8.5
1993,Nov,67.1,61.5,314965,288324,26641,8.5
1993,Dec,67,61.3,313798,287295,26503,8.4
1994,Jan,66.8,61.2,312700,286420,26280,8.4
1994,Feb,66.8,61.2,311930,285953,25977,8.3
1994,Mar,66.8,61.3,311595,285977,25618,8.2
1994,Apr,66.9,61.5,311654,286418,25236,8.1
1994,May,67,61.7,311885,287027,24858,8
1994,Jun,67.1,61.9,312003,287496,24507,7.9
1994,Jul,67,61.8,311761,287547,24214,7.8
1994,Aug,67.1,61.9,311074,287071,24003,7.7
1994,Sep,67,61.8,310069,286163,23906,7.7
1994,Oct,66.8,61.7,308892,284956,23936,7.7
1994,Nov,66.6,61.4,307625,283516,24109,7.8
1994,Dec,66.5,61.1,306295,281859,24436,8
1995,Jan,66.3,60.8,304974,280064,24910,8.2
1995,Feb,66.1,60.5,303744,278272,25472,8.4
1995,Mar,65.9,60.3,302640,276620,26020,8.6
1995,Apr,65.8,60,301654,275171,26483,8.8
1995,May,65.7,59.9,300800,273989,26811,8.9
1995,Jun,65.6,59.7,300081,273103,26978,9
1995,Jul,65.6,59.7,299491,272502,26989,9
1995,Aug,65.6,59.7,298945,272077,26868,9
1995,Sep,65.4,59.6,298322,271700,26622,8.9
1995,Oct,65.3,59.6,297669,271370,26299,8.8
1995,Nov,65.3,59.6,296914,270959,25955,8.7
1995,Dec,65,59.3,295855,270206,25649,8.7
1996,Jan,64.7,59.1,294341,268932,25409,8.6
1996,Feb,64.4,58.8,292378,267145,25233,8.6
1996,Mar,63.9,58.3,290214,265087,25127,8.7
1996,Apr,63.5,58,288169,263122,25047,8.7
1996,May,63.2,57.7,286512,261583,24929,8.7
1996,Jun,62.9,57.5,285422,260709,24713,8.7
1996,Jul,62.9,57.5,284974,260585,24389,8.6
1996,Aug,62.9,57.6,285083,261101,23982,8.4
1996,Sep,63.1,57.9,285448,261908,23540,8.2
1996,Oct,63.1,58,285650,262550,23100,8.1
1996,Nov,63.1,58.1,285493,262823,22670,7.9
1996,Dec,63.1,58.2,284999,262741,22258,7.8
1997,Jan,62.9,58,284153,262265,21888,7.7
1997,Feb,62.7,57.9,283101,261492,21609,7.6
1997,Mar,62.6,57.8,282074,260622,21452,7.6
1997,Apr,62.4,57.6,281340,259880,21460,7.6
1997,May,62.4,57.6,281052,259399,21653,7.7
1997,Jun,62.5,57.6,281170,259168,22002,7.8
1997,Jul,62.5,57.5,281567,259129,22438,8
1997,Aug,62.6,57.5,282131,259223,22908,8.1
1997,Sep,62.7,57.5,282841,259439,23402,8.3
1997,Oct,63,57.7,283730,259808,23922,8.4
1997,Nov,63.2,57.8,284856,260398,24458,8.6
1997,Dec,63.5,57.9,286298,261336,24962,8.7
1998,Jan,63.8,58.2,288111,262730,25381,8.8
1998,Feb,64.2,58.5,290063,264397,25666,8.8
1998,Mar,64.5,58.8,291717,265940,25777,8.8
1998,Apr,64.7,59,292764,267059,25705,8.8
1998,May,64.9,59.2,293109,267620,25489,8.7
1998,Jun,64.8,59.2,292887,267689,25198,8.6
1998,Jul,64.6,59.1,292303,267439,24864,8.5
1998,Aug,64.4,59,291671,267209,24462,8.4
1998,Sep,64.3,59,291394,267426,23968,8.2
1998,Oct,64.3,59.1,291726,268360,23366,8
1998,Nov,64.5,59.5,292781,270083,22698,7.8
1998,Dec,64.8,60,294537,272486,22051,7.5
1999,Jan,65.3,60.5,296822,275340,21482,7.2
1999,Feb,65.8,61.2,299439,278422,21017,7
1999,Mar,66.3,61.8,302147,281492,20655,6.8
1999,Apr,66.8,62.3,304580,284225,20355,6.7
1999,May,67.2,62.8,306496,286444,20052,6.5
1999,Jun,67.4,63.1,307851,288152,19699,6.4
1999,Jul,67.5,63.3,308717,289409,19308,6.3
1999,Aug,67.6,63.5,309173,290258,18915,6.1
1999,Sep,67.6,63.5,309306,290772,18534,6
1999,Oct,67.5,63.5,309264,291086,18178,5.9
1999,Nov,67.4,63.5,309155,291302,17853,5.8
1999,Dec,67.3,63.5,308965,291406,17559,5.7
2000,Jan,67.4,63.6,308686,291400,17286,5.6
2000,Feb,67.2,63.5,308340,291319,17021,5.5
2000,Mar,67.1,63.5,308027,291253,16774,5.4
2000,Apr,67.3,63.7,307908,291319,16589,5.4
2000,May,67.4,63.8,308060,291530,16530,5.4
2000,Jun,67.5,63.8,308534,291897,16637,5.4
2000,Jul,67.7,64,309447,292544,16903,5.5
2000,Aug,67.9,64.1,310795,293493,17302,5.6
2000,Sep,68.2,64.3,312303,294524,17779,5.7
2000,Oct,68.4,64.4,313572,295317,18255,5.8
2000,Nov,68.5,64.4,314217,295577,18640,5.9
2000,Dec,68.4,64.3,314060,295194,18866,6
2001,Jan,68.2,64.1,313235,294272,18963,6.1
2001,Feb,67.9,63.7,312045,293036,19009,6.1
2001,Mar,67.6,63.4,310924,291853,19071,6.1
2001,Apr,67.4,63.2,310248,291045,19203,6.2
2001,May,67.3,63.1,310186,290779,19407,6.3
2001,Jun,67.4,63.1,310587,290915,19672,6.3
2001,Jul,67.4,63.1,311015,291073,19942,6.4
2001,Aug,67.4,63,311110,290959,20151,6.5
2001,Sep,67.3,62.9,310790,290516,20274,6.5
2001,Oct,67.2,62.8,310133,289817,20316,6.6
2001,Nov,67,62.6,309356,289052,20304,6.6
2001,Dec,66.9,62.5,308702,288418,20284,6.6
2002,Jan,66.8,62.4,308251,287999,20252,6.6
2002,Feb,66.7,62.3,308005,287820,20185,6.6
2002,Mar,66.7,62.3,307862,287788,20074,6.5
2002,Apr,66.6,62.3,307670,287765,19905,6.5
2002,May,66.6,62.3,307294,287609,19685,6.4
2002,Jun,66.4,62.2,306666,287235,19431,6.3
2002,Jul,66.3,62.1,305894,286696,19198,6.3
2002,Aug,66.1,62,305119,286071,19048,6.2
2002,Sep,65.9,61.8,304436,285411,19025,6.2
2002,Oct,65.8,61.7,303946,284794,19152,6.3
2002,Nov,65.8,61.6,303732,284309,19423,6.4
2002,Dec,65.8,61.5,303839,284063,19776,6.5
2003,Jan,65.9,61.6,304290,284139,20151,6.6
2003,Feb,66.1,61.7,305041,284527,20514,6.7
2003,Mar,66.4,61.8,305888,285056,20832,6.8
2003,Apr,66.5,62,306625,285546,21079,6.9
2003,May,66.7,62.1,307161,285923,21238,6.9
2003,Jun,66.8,62.1,307468,286157,21311,6.9
2003,Jul,66.8,62.1,307485,286196,21289,6.9
2003,Aug,66.7,62.1,307229,286046,21183,6.9
2003,Sep,66.6,62,306855,285820,21035,6.9
2003,Oct,66.4,61.9,306560,285641,20919,6.8
2003,Nov,66.4,61.9,306511,285576,20935,6.8
2003,Dec,66.4,61.8,306767,285626,21141,6.9
2004,Jan,66.5,61.8,307268,285731,21537,7
2004,Feb,66.6,61.8,307862,285787,22075,7.2
2004,Mar,66.7,61.8,308490,285781,22709,7.4
2004,Apr,66.8,61.8,309151,285770,23381,7.6
2004,May,66.9,61.7,309857,285809,24048,7.8
2004,Jun,67.1,61.8,310711,286047,24664,7.9
2004,Jul,67.3,61.9,311822,286611,25211,8.1
2004,Aug,67.5,62,313201,287556,25645,8.2
2004,Sep,67.8,62.3,314716,288830,25886,8.2
2004,Oct,68.1,62.5,316122,290265,25857,8.2
2004,Nov,68.3,62.8,317176,291661,25515,8
2004,Dec,68.4,63,317753,292840,24913,7.8
2005,Jan,68.4,63.2,317860,293699,24161,7.6
2005,Feb,68.3,63.3,317598,294256,23342,7.3
2005,Mar,68.1,63.3,317124,294625,22499,7.1
2005,Apr,68,63.3,316580,294926,21654,6.8
2005,May,67.8,63.4,316057,295245,20812,6.6
2005,Jun,67.7,63.4,315576,295586,19990,6.3
2005,Jul,67.5,63.4,315159,295929,19230,6.1
2005,Aug,67.4,63.5,314808,296217,18591,5.9
2005,Sep,67.3,63.5,314487,296356,18131,5.8
2005,Oct,67.1,63.3,314209,296338,17871,5.7
2005,Nov,67,63.2,313962,296167,17795,5.7
2005,Dec,66.9,63.1,313718,295872,17846,5.7
2006,Jan,66.9,63,313570,295622,17948,5.7
2006,Feb,66.8,63,313649,295585,18064,5.8
2006,Mar,66.9,63,313980,295794,18186,5.8
2006,Apr,67,63.1,314507,296191,18316,5.8
2006,May,67.1,63.2,315172,296731,18441,5.9
2006,Jun,67.2,63.3,315895,297364,18531,5.9
2006,Jul,67.4,63.4,316569,298009,18560,5.9
2006,Aug,67.4,63.5,317106,298577,18529,5.8
2006,Sep,67.5,63.5,317520,299067,18453,5.8
2006,Oct,67.5,63.6,317912,299574,18338,5.8
2006,Nov,67.6,63.7,318418,300226,18192,5.7
2006,Dec,67.7,63.8,319094,301066,18028,5.6
2007,Jan,67.8,64,319815,301944,17871,5.6
2007,Feb,67.9,64.1,320401,302662,17739,5.5
2007,Mar,67.9,64.2,320741,303108,17633,5.5
2007,Apr,67.9,64.2,320828,303266,17562,5.5
2007,May,67.9,64.1,320782,303242,17540,5.5
2007,Jun,67.8,64.1,320827,303251,17576,5.5
2007,Jul,67.9,64.1,321198,303547,17651,5.5
2007,Aug,68,64.2,322005,304253,17752,5.5
2007,Sep,68.2,64.4,323163,305288,17875,5.5
2007,Oct,68.4,64.6,324459,306434,18025,5.6
2007,Nov,68.6,64.8,325684,307478,18206,5.6
2007,Dec,68.8,64.9,326711,308291,18420,5.6
2008,Jan,68.9,65,327502,308834,18668,5.7
2008,Feb,69,65,328082,309138,18944,5.8
2008,Mar,69,65,328612,309363,19249,5.9
2008,Apr,69.1,65,329288,309702,19586,5.9
2008,May,69.3,65.1,330116,310152,19964,6
2008,Jun,69.4,65.1,330950,310533,20417,6.2
2008,Jul,69.5,65.1,331629,310633,20996,6.3
2008,Aug,69.5,64.9,332088,310364,21724,6.5
2008,Sep,69.4,64.7,332380,309780,22600,6.8
2008,Oct,69.3,64.4,332555,308958,23597,7.1
2008,Nov,69.2,64.1,332575,307928,24647,7.4
2008,Dec,69.1,63.7,332448,306746,25702,7.7
2009,Jan,68.9,63.4,332248,305521,26727,8
2009,Feb,68.8,63.1,332118,304425,27693,8.3
2009,Mar,68.7,62.8,332212,303618,28594,8.6
2009,Apr,68.7,62.6,332570,303116,29454,8.9
2009,May,68.7,62.5,333228,302915,30313,9.1
2009,Jun,68.8,62.4,334228,303039,31189,9.3
2009,Jul,69,62.4,335501,303457,32044,9.6
2009,Aug,69.2,62.4,336899,304082,32817,9.7
2009,Sep,69.3,62.4,338167,304739,33428,9.9
2009,Oct,69.4,62.4,339130,305312,33818,10
2009,Nov,69.4,62.5,339878,305911,33967,10
2009,Dec,69.4,62.5,340661,306783,33878,9.9
2010,Jan,69.5,62.7,341698,308097,33601,9.8
2010,Feb,69.7,62.9,343090,309848,33242,9.7
2010,Mar,69.9,63.2,344639,311743,32896,9.5
2010,Apr,68.9,62.4,346075,313469,32606,9.4
2010,May,69,62.5,347182,314804,32378,9.3
2010,Jun,69,62.6,347745,315533,32212,9.3
2010,Jul,68.8,62.5,347700,315592,32108,9.2
2010,Aug,68.6,62.2,347239,315168,32071,9.2
2010,Sep,68.4,62,346809,314691,32118,9.3
2010,Oct,68.2,61.9,346825,314550,32275,9.3
2010,Nov,68.2,61.8,347414,314840,32574,9.4
2010,Dec,68.3,61.8,348370,315322,33048,9.5
2011,Jan,68.3,61.7,349321,315627,33694,9.6
2011,Feb,68.3,61.6,349978,315513,34465,9.8
2011,Mar,68.3,61.4,350284,315013,35271,10.1
2011,Apr,68.2,61.2,350390,314391,35999,10.3
2011,May,68,60.9,350399,313874,36525,10.4
2011,Jun,67.9,60.8,350403,313644,36759,10.5
2011,Jul,67.8,60.7,350477,313785,36692,10.5
2011,Aug,67.7,60.7,350648,314255,36393,10.4
2011,Sep,67.6,60.7,350898,314926,35972,10.3
2011,Oct,67.6,60.7,351288,315746,35542,10.1
2011,Nov,67.6,60.8,351902,316729,35173,10
2011,Dec,67.6,61,352823,317962,34861,9.9
2012,Jan,67.8,61.2,354177,319618,34559,9.8
2012,Feb,68,61.5,355916,321716,34200,9.6
2012,Mar,68.3,61.8,357875,324111,33764,9.4
2012,Apr,68.5,62.2,359861,326567,33294,9.3
2012,May,68.8,62.6,361825,328974,32851,9.1
2012,Jun,69.1,62.9,363859,331365,32494,8.9
2012,Jul,69.4,63.2,366001,333727,32274,8.8
2012,Aug,69.6,63.5,368205,335978,32227,8.8
2012,Sep,69.9,63.8,370337,338011,32326,8.7
2012,Oct,70.1,64,372198,339705,32493,8.7
2012,Nov,70.3,64.1,373663,341013,32650,8.7
2012,Dec,70.4,64.2,374704,341961,32743,8.7
2013,Jan,70.2,64.1,374653,341899,32754,8.7
2013,Feb,70.2,64,374866,342173,32693,8.7
2013,Mar,70.1,64,374843,342279,32564,8.7
2013,Apr,69.9,63.9,374688,342323,32365,8.6
2013,May,69.7,63.7,374435,342266,32169,8.6
2013,Jun,69.6,63.6,374101,342076,32025,8.6
2013,Jul,69.4,63.5,373806,341917,31889,8.5
2013,Aug,69.3,63.4,373615,341931,31684,8.5
2013,Sep,69.1,63.3,373517,342135,31382,8.4
2013,Oct,69,63.3,373482,342472,31010,8.3
2013,Nov,69,63.3,373445,342832,30613,8.2
2013,Dec,68.9,63.3,373370,343140,30230,8.1
2014,Jan,68.8,63.3,373749,343743,30006,8
2014,Feb,68.8,63.3,373893,344167,29726,8
2014,Mar,68.8,63.4,374359,344815,29544,7.9
2014,Apr,68.9,63.5,375249,345775,29474,7.9
2014,May,69,63.6,376582,347126,29456,7.8
2014,Jun,69.3,63.9,378259,348819,29440,7.8
2014,Jul,69.5,64.1,379997,350567,29430,7.7
2014,Aug,69.7,64.3,381582,352161,29421,7.7
2014,Sep,69.8,64.5,382944,353547,29397,7.7
2014,Oct,69.9,64.6,384037,354719,29318,7.6
2014,Nov,70,64.7,384866,355700,29166,7.6
2014,Dec,70,64.7,385469,356517,28952,7.5
2015,Jan,69.9,64.7,385728,357083,28645,7.4
2015,Feb,69.9,64.7,386001,357683,28318,7.3
2015,Mar,69.8,64.8,386347,358417,27930,7.2
2015,Apr,69.8,64.9,386869,359368,27501,7.1
2015,May,69.9,65,387566,360496,27070,7
2015,Jun,69.9,65.1,388409,361724,26685,6.9
2015,Jul,70,65.3,389384,363005,26379,6.8
2015,Aug,70.1,65.4,390378,364228,26150,6.7
2015,Sep,70.2,65.5,391229,365259,25970,6.6
2015,Oct,70.2,65.6,391871,366062,25809,6.6
2015,Nov,70.2,65.6,392365,366733,25632,6.5
2015,Dec,70.2,65.7,392797,367407,25390,6.5
2016,Jan,70.2,65.7,393217,368138,25079,6.4
2016,Feb,70.2,65.8,393585,368854,24731,6.3
2016,Mar,70.2,65.8,393847,369451,24396,6.2
2016,Apr,70.1,65.8,394042,369911,24131,6.1
2016,May,70.1,65.8,394254,370284,23970,6.1
2016,Jun,70.1,65.8,394532,370630,23902,6.1
2016,Jul,70,65.8,394897,371004,23893,6.1
2016,Aug,70.1,65.8,395377,371462,23915,6
2016,Sep,70.1,65.9,395980,372041,23939,6
2016,Oct,70.1,65.9,396657,372715,23942,6
2016,Nov,70.2,66,397325,373390,23935,6
2016,Dec,70.2,66,397933,373976,23957,6
2017,Jan,70.3,66,398514,374473,24041,6
2017,Feb,70.3,66,399077,374887,24190,6.1
2017,Mar,70.3,66,399617,375233,24384,6.1
2017,Apr,70.4,66,400146,375563,24583,6.1
2017,May,70.4,66,400658,375913,24745,6.2
2017,Jun,70.4,66.1,401121,376292,24829,6.2
2017,Jul,70.4,66.1,401520,376715,24805,6.2
2017,Aug,70.4,66.1,401846,377197,24649,6.1
2017,Sep,70.4,66.2,402130,377757,24373,6.1
2017,Oct,70.4,66.2,402442,378403,24039,6
2017,Nov,70.4,66.3,402832,379105,23727,5.9
2017,Dec,70.5,66.4,403340,379846,23494,5.8
2018,Jan,70.6,66.5,403941,380575,23366,5.8
2018,Feb,70.6,66.6,404566,381242,23324,5.8
2018,Mar,70.7,66.6,405079,381752,23327,5.8
2018,Apr,70.7,66.6,405313,381999,23314,5.8
2018,May,70.6,66.6,405215,381984,23231,5.7
2018,Jun,70.5,66.5,404890,381819,23071,5.7
2018,Jul,70.4,66.4,404494,381633,22861,5.7
2018,Aug,70.3,66.4,404211,381505,22706,5.6
2018,Sep,70.3,66.3,404189,381492,22697,5.6
2018,Oct,70.3,66.3,404500,381661,22839,5.6
2018,Nov,70.4,66.4,405125,382053,23072,5.7
2018,Dec,70.5,66.4,405938,382620,23318,5.7
2019,Jan,70.6,66.5,406773,383285,23488,5.8
2019,Feb,70.7,66.6,407526,384015,23511,5.8
2019,Mar,70.8,66.7,408166,384810,23356,5.7
2019,Apr,70.9,66.9,408698,385659,23039,5.6
2019,May,70.9,67,409126,386492,22634,5.5
2019,Jun,70.9,67.1,409498,387260,22238,5.4
2019,Jul,71,67.2,410015,388072,21943,5.4
2019,Aug,71.1,67.3,410617,388842,21775,5.3
2019,Sep,71.1,67.4,411296,389568,21728,5.3
2019,Oct,71.2,67.4,411867,390098,21769,5.3
2019,Nov,71.2,67.4,411999,390156,21843,5.3
2019,Dec,71.2,67.4,411960,390081,21879,5.3
2020,Jan,71.3,67.6,413042,391465,21577,5.2
2020,Feb,71.5,67.8,414353,393016,21337,5.1
2020,Mar,72.6,68.2,420505,395074,25431,6
2020,Apr,69.4,61.3,402453,355455,46998,11.7
2020,May,66.9,61,387790,353764,34026,8.8
2020,Jun,67.9,62,393763,359702,34061,8.7
2020,Jul,67.9,62.1,393988,360407,33581,8.5
2020,Aug,68.4,62.6,397554,363417,34137,8.6
2020,Sep,68.3,62.3,396750,362274,34476,8.7
