Year,Period,labor force participation rate,employment-population ratio,labor force,employment,unemployment,unemployment rate
1976,Jan,63.9,58.5,2250451,2061744,188707,8.4
1976,Feb,63.8,58.4,2249410,2060612,188798,8.4
1976,Mar,63.7,58.3,2249490,2061445,188045,8.4
1976,Apr,63.7,58.4,2253611,2067967,185644,8.2
1976,May,63.7,58.6,2259949,2077016,182933,8.1
1976,Jun,63.8,58.7,2267990,2087124,180866,8
1976,Jul,64,58.9,2276334,2095905,180429,7.9
1976,Aug,64,58.9,2284323,2102593,181730,8
1976,Sep,64.1,59,2291968,2107937,184031,8
1976,Oct,64.2,59,2299129,2112216,186913,8.1
1976,Nov,64.2,58.9,2305572,2116165,189407,8.2
1976,Dec,64.2,59,2310617,2120759,189858,8.2
1977,Jan,64.2,59,2314596,2126893,187703,8.1
1977,Feb,64.1,59.1,2317645,2134643,183002,7.9
1977,Mar,64.1,59.2,2319462,2143106,176356,7.6
1977,Apr,64,59.3,2320611,2151523,169088,7.3
1977,May,63.9,59.4,2321832,2159450,162382,7
1977,Jun,63.8,59.5,2324189,2166689,157500,6.8
1977,Jul,63.8,59.5,2328381,2173729,154652,6.6
1977,Aug,63.8,59.6,2334559,2181393,153166,6.6
1977,Sep,63.9,59.8,2341803,2190136,151667,6.5
1977,Oct,64,59.9,2348607,2199685,148922,6.3
1977,Nov,64,60.1,2354406,2209512,144894,6.2
1977,Dec,64,60.2,2359447,2218965,140482,6
1978,Jan,64,60.4,2364538,2228194,136344,5.8
1978,Feb,64.1,60.5,2370815,2237483,133332,5.6
1978,Mar,64.2,60.6,2379319,2246911,132408,5.6
1978,Apr,64.4,60.8,2390084,2256267,133817,5.6
1978,May,64.6,60.9,2401928,2265234,136694,5.7
1978,Jun,64.7,61,2412852,2273513,139339,5.8
1978,Jul,64.9,61.1,2421690,2280699,140991,5.8
1978,Aug,64.9,61.1,2428571,2286683,141888,5.8
1978,Sep,64.9,61.1,2434172,2292157,142015,5.8
1978,Oct,64.9,61.1,2439854,2298211,141643,5.8
1978,Nov,64.9,61.2,2446007,2304969,141038,5.8
1978,Dec,64.9,61.2,2451612,2311421,140191,5.7
1979,Jan,64.9,61.2,2455448,2316637,138811,5.7
1979,Feb,64.8,61.2,2456858,2320610,136248,5.5
1979,Mar,64.6,61.1,2456167,2323833,132334,5.4
1979,Apr,64.4,61.1,2454523,2326846,127677,5.2
1979,May,64.3,61.1,2454155,2330499,123656,5
1979,Jun,64.2,61,2456261,2335080,121181,4.9
1979,Jul,64.2,61.1,2460891,2340882,120009,4.9
1979,Aug,64.3,61.1,2467857,2347664,120193,4.9
1979,Sep,64.3,61.2,2476203,2354574,121629,4.9
1979,Oct,64.4,61.2,2484341,2360922,123419,5
1979,Nov,64.5,61.2,2491467,2366338,125129,5
1979,Dec,64.5,61.2,2498072,2370401,127671,5.1
1980,Jan,64.6,61.2,2504584,2372221,132363,5.3
1980,Feb,64.6,61,2511458,2371310,140148,5.6
1980,Mar,64.7,60.8,2519056,2368170,150886,6
1980,Apr,64.8,60.6,2526722,2364139,162583,6.4
1980,May,64.8,60.4,2533536,2360789,172747,6.8
1980,Jun,64.8,60.3,2539209,2359875,179334,7.1
1980,Jul,64.8,60.2,2543148,2362206,180942,7.1
1980,Aug,64.7,60.2,2544345,2367733,176612,6.9
1980,Sep,64.6,60.3,2544060,2375571,168489,6.6
1980,Oct,64.5,60.4,2544513,2384012,160501,6.3
1980,Nov,64.4,60.5,2547632,2392357,155275,6.1
1980,Dec,64.5,60.6,2554784,2401181,153603,6
1981,Jan,64.6,60.7,2565522,2410410,155112,6
1981,Feb,64.8,60.8,2577426,2419329,158097,6.1
1981,Mar,64.9,60.9,2587947,2427714,160233,6.2
1981,Apr,65,61,2595269,2434849,160420,6.2
1981,May,65,61,2598913,2439868,159045,6.1
1981,Jun,64.9,60.9,2600132,2442713,157419,6.1
1981,Jul,64.8,60.8,2600845,2443375,157470,6.1
1981,Aug,64.7,60.7,2603125,2442089,161036,6.2
1981,Sep,64.7,60.6,2607562,2439821,167741,6.4
1981,Oct,64.8,60.4,2613700,2437841,175859,6.7
1981,Nov,64.9,60.3,2620446,2436351,184095,7
1981,Dec,64.9,60.2,2626960,2435741,191219,7.3
1982,Jan,65,60.1,2633094,2437051,196043,7.4
1982,Feb,65,60.1,2639037,2440364,198673,7.5
1982,Mar,65,60.1,2644085,2444511,199574,7.5
1982,Apr,65,60.2,2647913,2448735,199178,7.5
1982,May,65,60.2,2650355,2452359,197996,7.5
1982,Jun,64.9,60.1,2651646,2454302,197344,7.4
1982,Jul,64.9,60,2653480,2454350,199130,7.5
1982,Aug,64.9,59.9,2657029,2453027,204002,7.7
1982,Sep,65,59.8,2662323,2450923,211400,7.9
1982,Oct,65,59.7,2668703,2448721,219982,8.2
1982,Nov,65.1,59.6,2674640,2447327,227313,8.5
1982,Dec,65.1,59.5,2677813,2446593,231220,8.6
1983,Jan,65,59.4,2677278,2446265,231013,8.6
1983,Feb,64.8,59.3,2674326,2447222,227104,8.5
1983,Mar,64.7,59.3,2671425,2450128,221297,8.3
1983,Apr,64.6,59.4,2671476,2455442,216034,8.1
1983,May,64.6,59.5,2675766,2463213,212553,7.9
1983,Jun,64.8,59.7,2683779,2473159,210620,7.8
1983,Jul,64.9,59.9,2693532,2484725,208807,7.8
1983,Aug,65,60.1,2702786,2496612,206174,7.6
1983,Sep,65.1,60.2,2709872,2507725,202147,7.5
1983,Oct,65.1,60.3,2714055,2517653,196402,7.2
1983,Nov,65,60.4,2716048,2526436,189612,7
1983,Dec,64.9,60.5,2717726,2534982,182744,6.7
1984,Jan,64.9,60.7,2720990,2544726,176264,6.5
1984,Feb,64.9,60.8,2727005,2556241,170764,6.3
1984,Mar,65,61,2736093,2569095,166998,6.1
1984,Apr,65.1,61.2,2747041,2582062,164979,6
1984,May,65.3,61.4,2758656,2593936,164720,6
1984,Jun,65.4,61.5,2769466,2603849,165617,6
1984,Jul,65.5,61.6,2778279,2611497,166782,6
1984,Aug,65.5,61.6,2785444,2617570,167874,6
1984,Sep,65.5,61.5,2792145,2623055,169090,6.1
1984,Oct,65.5,61.5,2799717,2629236,170481,6.1
1984,Nov,65.6,61.6,2809371,2637283,172088,6.1
1984,Dec,65.7,61.6,2821397,2647059,174338,6.2
1985,Jan,65.8,61.7,2834714,2656786,177928,6.3
1985,Feb,66,61.7,2847447,2664594,182853,6.4
1985,Mar,66,61.7,2857905,2669891,188014,6.6
1985,Apr,66.1,61.6,2865734,2673377,192357,6.7
1985,May,66,61.5,2871561,2676532,195029,6.8
1985,Jun,66,61.5,2876328,2681022,195306,6.8
1985,Jul,65.9,61.5,2881087,2687755,193332,6.7
1985,Aug,65.9,61.6,2886157,2697367,188790,6.5
1985,Sep,66,61.8,2891697,2709357,182340,6.3
1985,Oct,66,62,2897948,2722035,175913,6.1
1985,Nov,66.1,62.2,2904847,2733776,171071,5.9
1985,Dec,66.1,62.3,2912379,2743713,168666,5.8
1986,Jan,66.2,62.4,2921207,2752295,168912,5.8
1986,Feb,66.4,62.5,2932132,2760804,171328,5.8
1986,Mar,66.6,62.6,2944969,2770127,174842,5.9
1986,Apr,66.8,62.8,2958672,2780482,178190,6
1986,May,67,62.9,2971919,2791498,180421,6.1
1986,Jun,67.2,63.1,2984353,2802716,181637,6.1
1986,Jul,67.3,63.2,2995503,2813645,181858,6.1
1986,Aug,67.4,63.3,3004898,2823399,181499,6
1986,Sep,67.4,63.4,3012625,2831569,181056,6
1986,Oct,67.4,63.4,3019038,2838409,180629,6
1986,Nov,67.4,63.4,3024296,2843859,180437,6
1986,Dec,67.4,63.4,3028875,2848931,179944,5.9
1987,Jan,67.3,63.3,3032615,2854287,178328,5.9
1987,Feb,67.2,63.3,3035260,2859866,175394,5.8
1987,Mar,67.1,63.3,3037785,2865939,171846,5.7
1987,Apr,67.1,63.4,3041084,2872499,168585,5.5
1987,May,67,63.4,3045771,2879325,166446,5.5
1987,Jun,67.1,63.4,3052138,2886071,166067,5.4
1987,Jul,67.1,63.4,3060334,2892711,167623,5.5
1987,Aug,67.2,63.5,3070367,2899396,170971,5.6
1987,Sep,67.4,63.5,3081435,2906422,175013,5.7
1987,Oct,67.5,63.6,3092123,2913482,178641,5.8
1987,Nov,67.6,63.7,3101711,2920626,181085,5.8
1987,Dec,67.7,63.7,3110161,2927267,182894,5.9
1988,Jan,67.8,63.8,3117340,2933077,184263,5.9
1988,Feb,67.8,63.8,3123405,2938581,184824,5.9
1988,Mar,67.8,63.8,3128378,2943898,184480,5.9
1988,Apr,67.8,63.8,3132811,2949311,183500,5.9
1988,May,67.8,63.9,3137178,2955075,182103,5.8
1988,Jun,67.8,63.9,3141577,2961181,180396,5.7
1988,Jul,67.8,64,3146110,2967420,178690,5.7
1988,Aug,67.8,64,3150936,2973618,177318,5.6
1988,Sep,67.9,64.1,3156254,2979951,176303,5.6
1988,Oct,67.9,64.2,3161933,2986775,175158,5.5
1988,Nov,68,64.2,3167822,2993935,173887,5.5
1988,Dec,68,64.3,3173269,3000767,172502,5.4
1989,Jan,68,64.4,3178585,3006819,171766,5.4
1989,Feb,68.1,64.4,3184080,3011377,172703,5.4
1989,Mar,68.1,64.4,3189612,3014807,174805,5.5
1989,Apr,68.2,64.4,3194771,3017710,177061,5.5
1989,May,68.2,64.4,3199454,3020649,178805,5.6
1989,Jun,68.2,64.4,3204276,3024316,179960,5.6
1989,Jul,68.3,64.4,3209447,3028941,180506,5.6
1989,Aug,68.3,64.5,3214885,3034748,180137,5.6
1989,Sep,68.3,64.5,3220799,3041816,178983,5.6
1989,Oct,68.4,64.6,3227715,3050536,177179,5.5
1989,Nov,68.5,64.8,3235443,3060663,174780,5.4
1989,Dec,68.6,65,3243908,3071636,172272,5.3
1990,Jan,67.4,63.8,3252551,3082738,169813,5.2
1990,Feb,67.4,63.9,3260568,3093035,167533,5.1
1990,Mar,67.5,64,3268015,3101438,166577,5.1
1990,Apr,67.5,64.1,3275245,3107290,167955,5.1
1990,May,67.5,64,3282341,3110844,171497,5.2
1990,Jun,67.5,63.9,3288368,3112244,176124,5.4
1990,Jul,67.6,63.8,3293274,3112143,181131,5.5
1990,Aug,67.5,63.7,3296863,3110938,185925,5.6
1990,Sep,67.4,63.5,3298113,3108382,189731,5.8
1990,Oct,67.2,63.3,3296899,3104396,192503,5.8
1990,Nov,67.1,63.1,3294118,3100318,193800,5.9
1990,Dec,66.9,63,3290789,3097378,193411,5.9
1991,Jan,66.7,62.8,3288186,3095851,192335,5.8
1991,Feb,66.6,62.7,3287130,3096313,190817,5.8
1991,Mar,66.5,62.7,3286238,3098201,188037,5.7
1991,Apr,66.3,62.6,3284320,3100847,183473,5.6
1991,May,66.1,62.6,3281383,3103908,177475,5.4
1991,Jun,65.9,62.5,3277892,3107131,170761,5.2
1991,Jul,65.8,62.5,3273994,3110038,163956,5
1991,Aug,65.6,62.4,3270962,3112621,158341,4.8
1991,Sep,65.4,62.3,3270708,3115293,155415,4.8
1991,Oct,65.3,62.2,3273416,3117974,155442,4.7
1991,Nov,65.3,62.2,3278130,3120691,157439,4.8
1991,Dec,65.3,62.1,3283291,3123781,159510,4.9
1992,Jan,65.3,62.1,3287794,3127792,160002,4.9
1992,Feb,66.7,62.1,3362566,3132895,229671,6.8
1992,Mar,67.1,62.1,3387960,3139692,248268,7.3
1992,Apr,67.2,62.2,3399433,3147902,251531,7.4
1992,May,67.2,62.2,3406338,3156034,250304,7.3
1992,Jun,67.2,62.3,3411274,3163220,248054,7.3
1992,Jul,67.1,62.3,3415460,3169497,245963,7.2
1992,Aug,67.1,62.3,3418719,3175043,243676,7.1
1992,Sep,66.9,62.2,3420689,3180171,240518,7
1992,Oct,66.8,62.2,3422411,3185826,236585,6.9
1992,Nov,66.8,62.2,3424528,3191893,232635,6.8
1992,Dec,66.7,62.2,3427247,3198464,228783,6.7
1993,Jan,66.6,62.3,3431054,3206300,224754,6.6
1993,Feb,66.6,62.4,3436206,3215663,220543,6.4
1993,Mar,66.7,62.5,3443355,3226829,216526,6.3
1993,Apr,66.7,62.6,3452399,3239740,212659,6.2
1993,May,66.8,62.8,3463261,3253577,209684,6.1
1993,Jun,66.9,62.9,3475179,3267297,207882,6
1993,Jul,67,63,3486258,3279881,206377,5.9
1993,Aug,67.1,63.1,3496343,3291284,205059,5.9
1993,Sep,67.1,63.2,3506749,3302459,204290,5.8
1993,Oct,67.1,63.2,3518048,3313776,204272,5.8
1993,Nov,67.2,63.3,3530463,3325145,205318,5.8
1993,Dec,67.4,63.4,3543861,3336755,207106,5.8
1994,Jan,67.5,63.5,3556382,3348260,208122,5.9
1994,Feb,67.5,63.6,3565960,3358771,207189,5.8
1994,Mar,67.5,63.6,3571833,3367681,204152,5.7
1994,Apr,67.4,63.6,3574885,3375557,199328,5.6
1994,May,67.3,63.7,3577343,3383883,193460,5.4
1994,Jun,67.2,63.7,3581473,3393738,187735,5.2
1994,Jul,67.2,63.8,3588980,3405726,183254,5.1
1994,Aug,67.3,63.9,3599244,3419359,179885,5
1994,Sep,67.4,64.1,3610092,3433518,176574,4.9
1994,Oct,67.4,64.2,3619547,3447464,172083,4.8
1994,Nov,67.4,64.3,3627506,3460802,166704,4.6
1994,Dec,67.4,64.4,3634283,3471944,162339,4.5
1995,Jan,67.4,64.4,3640453,3479692,160761,4.4
1995,Feb,67.4,64.4,3647151,3484568,162583,4.5
1995,Mar,67.4,64.3,3654737,3487374,167363,4.6
1995,Apr,67.4,64.2,3663194,3489121,174073,4.8
1995,May,67.5,64.2,3672460,3491538,180922,4.9
1995,Jun,67.5,64.1,3682026,3495898,186128,5.1
1995,Jul,67.6,64.1,3691197,3502330,188867,5.1
1995,Aug,67.6,64.1,3699090,3510115,188975,5.1
1995,Sep,67.5,64.1,3705241,3518423,186818,5
1995,Oct,67.5,64.1,3709988,3526512,183476,4.9
1995,Nov,67.4,64.1,3713490,3534185,179305,4.8
1995,Dec,67.3,64.2,3717074,3542011,175063,4.7
1996,Jan,67.3,64.2,3723010,3551048,171962,4.6
1996,Feb,67.4,64.3,3733188,3562595,170593,4.6
1996,Mar,67.5,64.4,3748186,3577439,170747,4.6
1996,Apr,67.7,64.6,3766629,3594828,171801,4.6
1996,May,67.9,64.8,3786308,3613303,173005,4.6
1996,Jun,68.2,65,3805493,3631467,174026,4.6
1996,Jul,68.3,65.2,3823414,3648382,175032,4.6
1996,Aug,68.5,65.3,3840119,3663361,176758,4.6
1996,Sep,68.6,65.4,3855371,3675439,179932,4.7
1996,Oct,68.7,65.4,3869227,3684680,184547,4.8
1996,Nov,68.8,65.4,3882100,3692538,189562,4.9
1996,Dec,68.8,65.4,3894285,3700965,193320,5
1997,Jan,68.9,65.5,3905986,3711035,194951,5
1997,Feb,69,65.6,3916821,3722609,194212,5
1997,Mar,69,65.7,3926763,3735508,191255,4.9
1997,Apr,69.1,65.8,3936876,3749483,187393,4.8
1997,May,69.1,65.9,3946794,3763232,183562,4.7
1997,Jun,69.1,66,3955998,3776003,179995,4.5
1997,Jul,69.2,66.1,3964918,3788057,176861,4.5
1997,Aug,69.2,66.2,3974237,3799734,174503,4.4
1997,Sep,69.2,66.2,3984361,3811416,172945,4.3
1997,Oct,69.3,66.3,3995535,3822894,172641,4.3
1997,Nov,69.4,66.4,4007053,3833521,173532,4.3
1997,Dec,69.4,66.4,4018149,3843367,174782,4.3
1998,Jan,69.5,66.5,4028131,3852603,175528,4.4
1998,Feb,69.5,66.5,4037060,3861292,175768,4.4
1998,Mar,69.5,66.5,4044791,3869145,175646,4.3
1998,Apr,69.5,66.5,4051443,3876626,174817,4.3
1998,May,69.5,66.6,4058379,3884508,173871,4.3
1998,Jun,69.6,66.6,4066684,3892929,173755,4.3
1998,Jul,69.6,66.6,4076202,3901829,174373,4.3
1998,Aug,69.6,66.7,4086240,3911586,174654,4.3
1998,Sep,69.7,66.7,4096365,3922036,174329,4.3
1998,Oct,69.7,66.8,4105159,3932225,172934,4.2
1998,Nov,69.7,66.8,4111806,3940926,170880,4.2
1998,Dec,69.7,66.8,4116708,3947503,169205,4.1
1999,Jan,69.6,66.8,4120267,3952625,167642,4.1
1999,Feb,69.5,66.7,4123549,3957583,165966,4
1999,Mar,69.5,66.7,4128016,3963619,164397,4
1999,Apr,69.5,66.8,4134483,3971086,163397,4
1999,May,69.5,66.8,4142373,3979495,162878,3.9
1999,Jun,69.5,66.8,4150778,3988228,162550,3.9
1999,Jul,69.6,66.8,4158941,3996286,162655,3.9
1999,Aug,69.6,66.8,4166277,4003236,163041,3.9
1999,Sep,69.5,66.8,4172447,4009700,162747,3.9
1999,Oct,69.5,66.8,4178054,4016614,161440,3.9
1999,Nov,69.5,66.8,4184110,4025021,159089,3.8
1999,Dec,69.5,66.9,4190765,4034595,156170,3.7
2000,Jan,69.5,66.9,4198288,4044235,154053,3.7
2000,Feb,69.5,67,4205995,4052871,153124,3.6
2000,Mar,69.5,67,4213192,4059729,153463,3.6
2000,Apr,69.6,67.1,4219262,4064425,154837,3.7
2000,May,69.5,67,4223636,4067325,156311,3.7
2000,Jun,69.4,66.9,4225755,4068914,156841,3.7
2000,Jul,69.3,66.7,4225523,4070215,155308,3.7
2000,Aug,69.2,66.7,4224983,4072986,151997,3.6
2000,Sep,69,66.6,4226525,4078278,148247,3.5
2000,Oct,69,66.6,4231594,4086399,145195,3.4
2000,Nov,69,66.7,4240279,4096038,144241,3.4
2000,Dec,69.1,66.7,4250682,4104965,145717,3.4
2001,Jan,69.1,66.7,4259706,4110959,148747,3.5
2001,Feb,69,66.6,4264933,4112679,152254,3.6
2001,Mar,68.9,66.4,4264672,4109771,154901,3.6
2001,Apr,68.7,66.2,4259280,4103096,156184,3.7
2001,May,68.5,65.9,4252167,4094953,157214,3.7
2001,Jun,68.3,65.7,4247170,4087435,159735,3.8
2001,Jul,68.1,65.5,4247141,4082040,165101,3.9
2001,Aug,68.1,65.3,4251371,4077950,173421,4.1
2001,Sep,68.1,65.1,4257923,4074348,183575,4.3
2001,Oct,68.1,65,4265381,4071307,194074,4.5
2001,Nov,68.1,64.8,4272215,4068904,203311,4.8
2001,Dec,68.1,64.7,4278521,4068160,210361,4.9
2002,Jan,68.1,64.6,4285043,4069939,215104,5
2002,Feb,68.1,64.6,4291780,4074138,217642,5.1
2002,Mar,68.1,64.6,4298887,4080271,218616,5.1
2002,Apr,68.1,64.6,4306982,4088510,218472,5.1
2002,May,68.1,64.7,4315919,4098495,217424,5
2002,Jun,68.2,64.8,4325008,4109382,215626,5
2002,Jul,68.2,64.8,4333585,4119610,213975,4.9
2002,Aug,68.2,64.9,4341903,4128462,213441,4.9
2002,Sep,68.2,64.9,4350017,4135699,214318,4.9
2002,Oct,68.2,64.8,4356954,4140926,216028,5
2002,Nov,68.2,64.8,4362863,4145191,217672,5
2002,Dec,68.2,64.8,4367800,4149298,218502,5
2003,Jan,68.2,64.7,4372800,4153971,218829,5
2003,Feb,68.2,64.8,4379180,4159788,219392,5
2003,Mar,68.2,64.8,4386668,4166278,220390,5
2003,Apr,68.2,64.8,4393447,4171881,221566,5
2003,May,68.2,64.7,4397884,4175462,222422,5.1
2003,Jun,68.1,64.7,4400093,4177974,222119,5
2003,Jul,68,64.6,4400261,4180971,219290,5
2003,Aug,67.9,64.6,4399081,4185343,213738,4.9
2003,Sep,67.8,64.6,4397857,4191488,206369,4.7
2003,Oct,67.6,64.6,4398065,4199034,199031,4.5
2003,Nov,67.6,64.6,4400220,4206813,193407,4.4
2003,Dec,67.5,64.6,4403876,4213511,190365,4.3
2004,Jan,67.5,64.6,4408195,4218080,190115,4.3
2004,Feb,67.5,64.5,4412858,4220651,192207,4.4
2004,Mar,67.5,64.5,4419149,4222682,196467,4.4
2004,Apr,67.5,64.4,4427119,4225202,201917,4.6
2004,May,67.5,64.4,4435924,4228692,207232,4.7
2004,Jun,67.6,64.3,4444805,4233261,211544,4.8
2004,Jul,67.6,64.3,4453760,4238673,215087,4.8
2004,Aug,67.6,64.3,4462590,4244505,218085,4.9
2004,Sep,67.6,64.2,4471238,4250026,221212,4.9
2004,Oct,67.5,64.2,4480019,4254698,225321,5
2004,Nov,67.6,64.1,4489283,4258968,230315,5.1
2004,Dec,67.6,64,4500422,4264361,236061,5.2
2005,Jan,67.7,64,4513524,4272139,241385,5.3
2005,Feb,67.7,64.1,4527534,4282400,245134,5.4
2005,Mar,67.8,64.1,4541339,4295026,246313,5.4
2005,Apr,67.9,64.2,4555444,4309862,245582,5.4
2005,May,68,64.3,4570674,4326070,244604,5.4
2005,Jun,68.1,64.4,4586274,4341637,244637,5.3
2005,Jul,68.1,64.5,4600984,4354877,246107,5.3
2005,Aug,68.2,64.5,4613436,4365474,247962,5.4
2005,Sep,68.2,64.5,4622999,4374251,248748,5.4
2005,Oct,68.1,64.4,4629890,4382902,246988,5.3
2005,Nov,68,64.4,4635061,4392442,242619,5.2
2005,Dec,67.9,64.5,4639473,4402961,236512,5.1
2006,Jan,67.9,64.5,4645079,4414893,230186,5
2006,Feb,67.9,64.6,4653418,4428047,225371,4.8
2006,Mar,67.9,64.7,4664682,4441382,223300,4.8
2006,Apr,68,64.7,4677681,4454027,223654,4.8
2006,May,68,64.8,4690836,4466158,224678,4.8
2006,Jun,68.1,64.8,4703524,4478286,225238,4.8
2006,Jul,68.2,64.9,4716205,4491570,224635,4.8
2006,Aug,68.2,65,4729712,4506480,223232,4.7
2006,Sep,68.3,65.1,4743529,4522398,221131,4.7
2006,Oct,68.3,65.2,4756639,4538689,217950,4.6
2006,Nov,68.3,65.3,4768186,4554020,214166,4.5
2006,Dec,68.3,65.3,4776942,4566600,210342,4.4
2007,Jan,68.3,65.3,4782401,4575271,207130,4.3
2007,Feb,68.2,65.3,4785717,4580451,205266,4.3
2007,Mar,68.1,65.2,4788037,4583175,204862,4.3
2007,Apr,68,65.1,4790929,4584949,205980,4.3
2007,May,68,65,4795731,4586962,208769,4.4
2007,Jun,67.9,64.9,4802704,4590141,212563,4.4
2007,Jul,67.9,64.9,4811598,4594816,216782,4.5
2007,Aug,68,64.9,4822319,4600995,221324,4.6
2007,Sep,68.1,64.9,4834612,4608639,225973,4.7
2007,Oct,68.1,64.9,4847703,4616731,230972,4.8
2007,Nov,68.2,64.9,4860881,4624811,236070,4.9
2007,Dec,68.3,64.9,4874326,4632770,241556,5
2008,Jan,68.4,64.9,4887690,4639668,248022,5.1
2008,Feb,68.5,64.9,4900362,4645096,255266,5.2
2008,Mar,68.6,64.9,4912518,4649080,263438,5.4
2008,Apr,68.6,64.8,4924234,4651672,272562,5.5
2008,May,68.7,64.8,4935792,4653402,282390,5.7
2008,Jun,68.8,64.7,4947526,4654872,292654,5.9
2008,Jul,68.8,64.6,4959084,4655861,303223,6.1
2008,Aug,68.9,64.5,4970199,4655685,314514,6.3
2008,Sep,66.6,62.1,4809851,4481586,328265,6.8
2008,Oct,66,61.2,4770489,4424420,346069,7.3
2008,Nov,65.9,60.8,4767265,4399483,367782,7.7
2008,Dec,65.9,60.5,4773301,4381976,391325,8.2
2009,Jan,65.9,60.2,4780074,4365597,414477,8.7
2009,Feb,65.9,59.9,4785841,4350081,435760,9.1
2009,Mar,65.9,59.7,4790542,4337302,453240,9.5
2009,Apr,65.9,59.5,4794116,4328106,466010,9.7
2009,May,65.8,59.3,4795798,4320949,474849,9.9
2009,Jun,65.7,59.1,4795700,4314308,481392,10
2009,Jul,65.6,59,4793870,4306977,486893,10.2
2009,Aug,65.5,58.8,4790286,4298565,491721,10.3
2009,Sep,65.4,58.6,4786060,4290182,495878,10.4
2009,Oct,65.2,58.4,4782352,4283326,499026,10.4
2009,Nov,65.1,58.3,4781457,4280158,501299,10.5
2009,Dec,65.1,58.3,4785187,4282305,502882,10.5
2010,Jan,65.1,58.3,4792496,4289733,502763,10.5
2010,Feb,63.8,57,4699011,4199161,499850,10.6
2010,Mar,63.4,56.7,4674480,4179456,495024,10.6
2010,Apr,64.2,57.4,4669893,4179931,489962,10.5
2010,May,64.1,57.5,4670823,4185382,485441,10.4
2010,Jun,64.1,57.5,4673422,4190456,482966,10.3
2010,Jul,64.1,57.4,4677782,4193763,484019,10.3
2010,Aug,64.1,57.4,4684376,4195887,488489,10.4
2010,Sep,64.1,57.4,4691739,4197433,494306,10.5
2010,Oct,64.2,57.3,4698737,4199836,498901,10.6
2010,Nov,64.2,57.3,4704274,4203785,500489,10.6
2010,Dec,64.2,57.4,4708131,4209434,498697,10.6
2011,Jan,64.2,57.4,4711909,4216993,494916,10.5
2011,Feb,64.2,57.5,4716445,4225541,490904,10.4
2011,Mar,64.2,57.6,4721391,4233713,487678,10.3
2011,Apr,64.2,57.6,4727041,4240677,486364,10.3
2011,May,64.3,57.6,4734686,4246820,487866,10.3
2011,Jun,64.3,57.7,4744120,4253512,490608,10.3
2011,Jul,64.4,57.7,4754219,4262111,492108,10.4
2011,Aug,64.5,57.8,4763808,4272812,490996,10.3
2011,Sep,64.5,57.9,4771878,4284901,486977,10.2
2011,Oct,64.5,58,4778084,4297025,481059,10.1
2011,Nov,64.5,58.1,4781837,4307505,474332,9.9
2011,Dec,64.4,58.1,4783117,4315397,467720,9.8
2012,Jan,64.4,58.1,4783176,4321220,461956,9.7
2012,Feb,64.3,58.2,4784093,4326397,457696,9.6
2012,Mar,64.3,58.2,4786203,4331046,455157,9.5
2012,Apr,64.2,58.1,4787780,4334976,452804,9.5
2012,May,64.2,58.1,4788509,4339280,449229,9.4
2012,Jun,64.1,58.1,4788789,4344755,444034,9.3
2012,Jul,64,58.2,4788888,4351369,437519,9.1
2012,Aug,64,58.2,4789528,4358490,431038,9
2012,Sep,63.9,58.2,4791180,4365122,426058,8.9
2012,Oct,63.9,58.2,4791998,4369522,422476,8.8
2012,Nov,63.8,58.2,4790509,4370629,419880,8.8
2012,Dec,63.7,58.1,4786110,4368574,417536,8.7
2013,Jan,63.6,58.1,4784092,4368873,415219,8.7
2013,Feb,63.5,58,4776080,4363850,412230,8.6
2013,Mar,63.3,57.9,4769314,4361032,408282,8.6
2013,Apr,63.2,57.9,4765488,4362061,403427,8.5
2013,May,63.1,57.9,4763632,4365206,398426,8.4
2013,Jun,63.1,57.8,4761816,4368131,393685,8.3
2013,Jul,63,57.8,4758794,4369634,389160,8.2
2013,Aug,62.8,57.7,4753285,4369676,383609,8.1
2013,Sep,62.7,57.7,4745704,4369134,376570,7.9
2013,Oct,62.5,57.6,4739064,4369491,369573,7.8
2013,Nov,62.4,57.6,4735656,4372080,363576,7.7
2013,Dec,62.3,57.6,4735546,4376785,358761,7.6
2014,Jan,62.1,57.5,4726956,4373230,353726,7.5
2014,Feb,62.1,57.5,4729303,4379438,349865,7.4
2014,Mar,62.1,57.5,4731773,4384441,347332,7.3
2014,Apr,62.1,57.5,4733556,4387243,346313,7.3
2014,May,62,57.5,4734814,4389356,345458,7.3
2014,Jun,62,57.5,4736889,4393203,343686,7.3
2014,Jul,61.9,57.5,4739528,4399189,340339,7.2
2014,Aug,61.9,57.5,4742889,4407516,335373,7.1
2014,Sep,61.9,57.6,4746854,4417659,329195,6.9
2014,Oct,61.8,57.6,4749902,4428148,321754,6.8
2014,Nov,61.8,57.7,4751105,4437331,313774,6.6
2014,Dec,61.7,57.7,4752078,4445016,307062,6.5
2015,Jan,61.6,57.7,4748803,4445723,303080,6.4
2015,Feb,61.6,57.7,4751772,4451188,300584,6.3
2015,Mar,61.6,57.7,4755537,4456948,298589,6.3
2015,Apr,61.5,57.7,4759405,4463390,296015,6.2
2015,May,61.5,57.7,4762195,4469733,292462,6.1
2015,Jun,61.4,57.7,4763178,4475201,287977,6
2015,Jul,61.4,57.7,4763659,4480434,283225,5.9
2015,Aug,61.3,57.7,4765560,4486687,278873,5.9
2015,Sep,61.3,57.8,4770601,4495676,274925,5.8
2015,Oct,61.3,57.9,4780898,4509137,271761,5.7
2015,Nov,61.5,58,4796810,4526995,269815,5.6
2015,Dec,61.6,58.2,4815799,4547331,268468,5.6
2016,Jan,61.8,58.4,4834723,4567840,266883,5.5
2016,Feb,61.9,58.5,4851945,4586811,265134,5.5
2016,Mar,62,58.7,4866685,4603473,263212,5.4
2016,Apr,62.1,58.8,4879584,4618035,261549,5.4
2016,May,62.2,58.9,4892540,4631611,260929,5.3
2016,Jun,62.3,59,4906531,4644985,261546,5.3
2016,Jul,62.4,59.1,4921529,4658552,262977,5.3
2016,Aug,62.5,59.2,4936866,4671982,264884,5.4
2016,Sep,62.6,59.2,4951558,4684588,266970,5.4
2016,Oct,62.7,59.3,4964333,4696231,268102,5.4
2016,Nov,62.8,59.4,4975347,4708188,267159,5.4
2016,Dec,62.8,59.5,4985686,4721455,264231,5.3
2017,Jan,62.9,59.6,4996271,4736145,260126,5.2
2017,Feb,63,59.8,5007182,4751931,255251,5.1
2017,Mar,63,59.9,5017944,4767674,250270,5
2017,Apr,63.1,60,5029137,4783506,245631,4.9
2017,May,63.2,60.2,5040587,4799555,241032,4.8
2017,Jun,63.2,60.3,5051610,4814938,236672,4.7
2017,Jul,63.3,60.4,5061746,4828823,232923,4.6
2017,Aug,63.3,60.5,5069767,4840222,229545,4.5
2017,Sep,63.3,60.5,5075111,4848794,226317,4.5
2017,Oct,63.3,60.5,5078141,4854838,223303,4.4
2017,Nov,63.3,60.5,5079195,4858501,220694,4.3
2017,Dec,63.2,60.5,5079132,4861087,218045,4.3
2018,Jan,63.1,60.5,5079500,4864151,215349,4.2
2018,Feb,63.1,60.5,5081503,4868724,212779,4.2
2018,Mar,63.1,60.5,5084498,4874374,210124,4.1
2018,Apr,63,60.5,5085773,4878845,206928,4.1
2018,May,62.9,60.4,5083973,4880642,203331,4
2018,Jun,62.8,60.4,5080086,4880535,199551,3.9
2018,Jul,62.7,60.3,5075575,4879741,195834,3.9
2018,Aug,62.6,60.2,5072981,4879769,193212,3.8
2018,Sep,62.5,60.2,5073808,4881688,192120,3.8
2018,Oct,62.5,60.1,5077828,4885507,192321,3.8
2018,Nov,62.5,60.1,5083564,4890498,193066,3.8
2018,Dec,62.5,60.1,5088671,4895143,193528,3.8
2019,Jan,62.5,60.1,5091021,4898096,192925,3.8
2019,Feb,62.4,60.1,5089643,4898884,190759,3.7
2019,Mar,62.3,60,5086452,4898827,187625,3.7
2019,Apr,62.2,60,5084588,4900389,184199,3.6
2019,May,62.2,60,5086318,4905393,180925,3.6
2019,Jun,62.2,60,5092563,4914704,177859,3.5
2019,Jul,62.3,60.1,5104207,4929889,174318,3.4
2019,Aug,62.3,60.3,5117470,4947459,170011,3.3
2019,Sep,62.4,60.4,5129851,4964375,165476,3.2
2019,Oct,62.4,60.5,5138363,4976473,161890,3.2
2019,Nov,62.4,60.4,5138942,4977732,161210,3.1
2019,Dec,62.3,60.3,5137642,4975936,161706,3.1
2020,Jan,62.4,60.4,5147616,4988005,159611,3.1
2020,Feb,62.4,60.5,5156347,4995200,161147,3.1
2020,Mar,62.4,59.5,5156973,4917754,239219,4.6
2020,Apr,59.1,51.7,4894396,4279924,614472,12.6
2020,May,59,53.5,4892536,4432132,460404,9.4
2020,Jun,59.4,54.9,4929291,4555849,373442,7.6
2020,Jul,60.1,55.6,4993364,4613160,380204,7.6
2020,Aug,59.3,55.9,4926114,4643976,282138,5.7
2020,Sep,59.4,55.6,4945161,4628421,316740,6.4
