Year,Period,labor force participation rate,employment-population ratio,labor force,employment,unemployment,unemployment rate
1976,Jan,64.1,61.4,1324627,1269103,55524,4.2
1976,Feb,64,61.3,1324134,1268472,55662,4.2
1976,Mar,63.9,61.2,1324428,1268901,55527,4.2
1976,Apr,64,61.3,1327210,1272547,54663,4.1
1976,May,64.1,61.5,1331126,1277629,53497,4
1976,Jun,64.2,61.7,1335660,1283290,52370,3.9
1976,Jul,64.3,61.8,1339836,1288246,51590,3.9
1976,Aug,64.4,62,1343674,1292323,51351,3.8
1976,Sep,64.5,62,1347685,1296091,51594,3.8
1976,Oct,64.7,62.2,1351904,1299667,52237,3.9
1976,Nov,64.8,62.3,1356197,1303223,52974,3.9
1976,Dec,64.9,62.4,1360512,1306982,53530,3.9
1977,Jan,65.1,62.5,1364841,1311092,53749,3.9
1977,Feb,65.2,62.6,1368874,1315260,53614,3.9
1977,Mar,65.3,62.7,1372340,1318874,53466,3.9
1977,Apr,65.4,62.8,1375242,1321713,53529,3.9
1977,May,65.4,62.8,1377965,1324156,53809,3.9
1977,Jun,65.5,62.9,1381129,1326867,54262,3.9
1977,Jul,65.6,63,1384987,1330321,54666,3.9
1977,Aug,65.8,63.2,1389455,1334685,54770,3.9
1977,Sep,66,63.4,1394183,1339690,54493,3.9
1977,Oct,66.1,63.5,1398688,1344650,54038,3.9
1977,Nov,66.2,63.7,1402641,1348827,53814,3.8
1977,Dec,66.3,63.8,1405810,1351786,54024,3.8
1978,Jan,66.4,63.8,1408457,1353965,54492,3.9
1978,Feb,66.5,63.9,1411123,1356132,54991,3.9
1978,Mar,66.6,64,1414044,1358924,55120,3.9
1978,Apr,66.7,64.1,1417052,1362382,54670,3.9
1978,May,66.7,64.2,1419846,1366002,53844,3.8
1978,Jun,66.8,64.3,1421822,1368892,52930,3.7
1978,Jul,66.8,64.3,1422705,1370223,52482,3.7
1978,Aug,66.7,64.2,1422477,1369630,52847,3.7
1978,Sep,66.6,64.1,1421466,1367564,53902,3.8
1978,Oct,66.6,64,1420314,1365106,55208,3.9
1978,Nov,66.5,63.8,1419557,1363139,56418,4
1978,Dec,66.4,63.8,1419307,1361918,57389,4
1979,Jan,66.4,63.7,1419290,1361275,58015,4.1
1979,Feb,66.4,63.7,1419208,1360951,58257,4.1
1979,Mar,66.3,63.6,1418878,1360710,58168,4.1
1979,Apr,66.3,63.6,1418459,1360470,57989,4.1
1979,May,66.2,63.5,1418091,1360205,57886,4.1
1979,Jun,66.2,63.5,1417913,1359876,58037,4.1
1979,Jul,66.2,63.5,1418414,1359862,58552,4.1
1979,Aug,66.2,63.5,1419880,1360424,59456,4.2
1979,Sep,66.3,63.5,1422294,1361521,60773,4.3
1979,Oct,66.4,63.5,1425201,1362951,62250,4.4
1979,Nov,66.5,63.6,1428064,1364504,63560,4.5
1979,Dec,66.7,63.6,1430579,1365755,64824,4.5
1980,Jan,66.7,63.6,1432696,1366013,66683,4.7
1980,Feb,66.8,63.5,1434587,1364847,69740,4.9
1980,Mar,66.9,63.4,1436394,1362017,74377,5.2
1980,Apr,66.9,63.2,1437993,1357605,80388,5.6
1980,May,66.9,62.9,1439286,1352381,86905,6
1980,Jun,67,62.6,1440224,1347450,92774,6.4
1980,Jul,66.9,62.4,1440110,1343351,96759,6.7
1980,Aug,66.8,62.3,1438558,1340376,98182,6.8
1980,Sep,66.7,62.2,1435711,1338434,97277,6.8
1980,Oct,66.5,62.1,1432197,1337203,94994,6.6
1980,Nov,66.3,62,1428973,1336637,92336,6.5
1980,Dec,66.2,62,1426862,1336936,89926,6.3
1981,Jan,66.1,62,1426035,1337855,88180,6.2
1981,Feb,66.1,62,1426147,1338866,87281,6.1
1981,Mar,66.1,62.1,1426846,1339787,87059,6.1
1981,Apr,66.1,62.1,1427541,1340209,87332,6.1
1981,May,66.1,62,1427675,1339562,88113,6.2
1981,Jun,66,61.9,1427215,1337789,89426,6.3
1981,Jul,66,61.8,1426499,1335099,91400,6.4
1981,Aug,66,61.6,1425968,1331778,94190,6.6
1981,Sep,66,61.5,1425894,1328327,97567,6.8
1981,Oct,66,61.3,1426210,1324964,101246,7.1
1981,Nov,66,61.1,1426490,1321330,105160,7.4
1981,Dec,66,61,1426449,1317405,109044,7.6
1982,Jan,66,60.8,1426117,1313650,112467,7.9
1982,Feb,66,60.7,1425573,1310219,115354,8.1
1982,Mar,66,60.5,1424700,1307061,117639,8.3
1982,Apr,65.9,60.4,1423740,1304531,119209,8.4
1982,May,65.9,60.3,1422975,1302836,120139,8.4
1982,Jun,65.9,60.3,1422548,1301787,120761,8.5
1982,Jul,65.9,60.3,1422664,1301266,121398,8.5
1982,Aug,66,60.3,1423308,1300981,122327,8.6
1982,Sep,66,60.3,1424194,1300464,123730,8.7
1982,Oct,66,60.2,1424986,1299492,125494,8.8
1982,Nov,66.1,60.2,1425405,1298174,127231,8.9
1982,Dec,66,60.1,1424928,1296362,128566,9
1983,Jan,66,60,1423309,1294251,129058,9.1
1983,Feb,65.8,59.9,1420898,1292835,128063,9
1983,Mar,65.7,59.9,1418800,1292941,125859,8.9
1983,Apr,65.7,60,1418045,1295007,123038,8.7
1983,May,65.7,60.2,1418937,1299030,119907,8.5
1983,Jun,65.8,60.4,1421169,1304437,116732,8.2
1983,Jul,66,60.7,1423998,1310281,113717,8
1983,Aug,66.1,60.9,1426314,1315456,110858,7.8
1983,Sep,66.1,61.1,1427216,1319125,108091,7.6
1983,Oct,66,61.2,1426356,1320953,105403,7.4
1983,Nov,65.9,61.2,1423915,1321094,102821,7.2
1983,Dec,65.8,61.1,1420944,1320307,100637,7.1
1984,Jan,65.7,61.1,1418703,1319554,99149,7
1984,Feb,65.6,61.1,1417859,1319450,98409,6.9
1984,Mar,65.6,61.1,1418194,1320185,98009,6.9
1984,Apr,65.7,61.1,1418987,1321374,97613,6.9
1984,May,65.7,61.2,1419686,1322332,97354,6.9
1984,Jun,65.7,61.2,1419610,1322412,97198,6.8
1984,Jul,65.6,61.1,1418322,1321140,97182,6.9
1984,Aug,65.5,61,1416074,1318589,97485,6.9
1984,Sep,65.4,60.9,1413640,1315232,98408,7
1984,Oct,65.4,60.8,1411867,1311897,99970,7.1
1984,Nov,65.4,60.7,1411444,1309527,101917,7.2
1984,Dec,65.5,60.7,1412306,1308513,103793,7.3
1985,Jan,65.6,60.7,1413585,1308354,105231,7.4
1985,Feb,65.7,60.7,1414281,1308103,106178,7.5
1985,Mar,65.7,60.7,1413567,1307049,106518,7.5
1985,Apr,65.6,60.7,1411493,1305231,106262,7.5
1985,May,65.5,60.6,1408913,1303226,105687,7.5
1985,Jun,65.5,60.6,1407077,1301851,105226,7.5
1985,Jul,65.5,60.6,1406900,1301809,105091,7.5
1985,Aug,65.6,60.7,1408763,1303616,105147,7.5
1985,Sep,65.8,60.9,1412177,1307089,105088,7.4
1985,Oct,66,61.1,1416168,1311325,104843,7.4
1985,Nov,66.2,61.3,1419730,1315259,104471,7.4
1985,Dec,66.3,61.5,1422186,1318208,103978,7.3
1986,Jan,66.4,61.6,1423682,1320280,103402,7.3
1986,Feb,66.5,61.7,1424801,1322128,102673,7.2
1986,Mar,66.6,61.9,1426203,1324348,101855,7.1
1986,Apr,66.7,62,1428188,1327153,101035,7.1
1986,May,66.8,62.2,1430478,1330511,99967,7
1986,Jun,67,62.4,1432778,1334330,98448,6.9
1986,Jul,67.1,62.6,1434996,1338385,96611,6.7
1986,Aug,67.2,62.8,1437022,1342275,94747,6.6
1986,Sep,67.3,63,1438831,1345876,92955,6.5
1986,Oct,67.4,63.1,1440648,1349433,91215,6.3
1986,Nov,67.5,63.3,1442433,1352935,89498,6.2
1986,Dec,67.6,63.4,1444307,1356540,87767,6.1
1987,Jan,67.6,63.6,1446169,1360090,86079,6
1987,Feb,67.7,63.8,1447782,1363187,84595,5.8
1987,Mar,67.8,63.9,1449061,1365733,83328,5.8
1987,Apr,67.8,64,1449922,1367710,82212,5.7
1987,May,67.9,64.1,1450528,1369214,81314,5.6
1987,Jun,67.9,64.1,1451152,1370474,80678,5.6
1987,Jul,67.9,64.2,1452027,1371994,80033,5.5
1987,Aug,68,64.3,1453310,1374276,79034,5.4
1987,Sep,68,64.4,1455253,1377651,77602,5.3
1987,Oct,68.1,64.6,1457677,1381897,75780,5.2
1987,Nov,68.2,64.8,1460565,1386858,73707,5
1987,Dec,68.3,65,1463824,1392143,71681,4.9
1988,Jan,68.5,65.2,1467413,1397465,69948,4.8
1988,Feb,68.6,65.4,1471544,1402867,68677,4.7
1988,Mar,68.8,65.6,1476188,1408198,67990,4.6
1988,Apr,69,65.8,1481236,1413454,67782,4.6
1988,May,69.2,66,1486451,1418679,67772,4.6
1988,Jun,69.4,66.3,1491470,1423776,67694,4.5
1988,Jul,69.6,66.4,1495922,1428534,67388,4.5
1988,Aug,69.8,66.6,1499684,1432817,66867,4.5
1988,Sep,69.9,66.8,1502821,1436654,66167,4.4
1988,Oct,70,67,1505511,1440209,65302,4.3
1988,Nov,70.1,67.1,1507809,1443458,64351,4.3
1988,Dec,70.1,67.2,1509514,1446085,63429,4.2
1989,Jan,70.2,67.3,1510464,1447868,62596,4.1
1989,Feb,70.2,67.3,1510420,1448484,61936,4.1
1989,Mar,70.1,67.3,1509767,1448133,61634,4.1
1989,Apr,70.1,67.2,1508946,1447123,61823,4.1
1989,May,70,67.2,1508173,1445745,62428,4.1
1989,Jun,70,67.1,1507728,1444423,63305,4.2
1989,Jul,70,67,1507663,1443449,64214,4.3
1989,Aug,70,67,1507796,1442964,64832,4.3
1989,Sep,70,67,1507853,1442954,64899,4.3
1989,Oct,69.9,67,1507947,1443521,64426,4.3
1989,Nov,70,67,1508303,1444640,63663,4.2
1989,Dec,70,67.1,1509266,1446332,62934,4.2
1990,Jan,70.2,67.2,1459352,1396876,62476,4.3
1990,Feb,69.5,66.5,1446315,1383963,62352,4.3
1990,Mar,69.4,66.4,1444423,1381965,62458,4.3
1990,Apr,69.4,66.4,1445676,1383013,62663,4.3
1990,May,69.4,66.4,1447769,1384830,62939,4.3
1990,Jun,69.4,66.4,1449745,1386521,63224,4.4
1990,Jul,69.4,66.4,1451390,1387769,63621,4.4
1990,Aug,69.5,66.4,1452754,1388543,64211,4.4
1990,Sep,69.5,66.4,1453861,1388848,65013,4.5
1990,Oct,69.5,66.3,1454792,1388737,66055,4.5
1990,Nov,69.5,66.3,1455903,1388766,67137,4.6
1990,Dec,69.5,66.3,1457553,1389500,68053,4.7
1991,Jan,69.6,66.3,1459905,1391068,68837,4.7
1991,Feb,69.7,66.4,1462902,1393507,69395,4.7
1991,Mar,69.8,66.5,1465947,1396374,69573,4.7
1991,Apr,69.9,66.6,1468587,1399221,69366,4.7
1991,May,70,66.7,1470600,1401795,68805,4.7
1991,Jun,70,66.8,1472262,1404211,68051,4.6
1991,Jul,70.1,66.9,1474091,1406694,67397,4.6
1991,Aug,70.1,66.9,1476704,1409460,67244,4.6
1991,Sep,70.2,67,1480434,1412671,67763,4.6
1991,Oct,70.4,67.1,1484899,1416203,68696,4.6
1991,Nov,70.5,67.2,1489356,1419692,69664,4.7
1991,Dec,70.6,67.3,1493017,1422736,70281,4.7
1992,Jan,70.7,67.4,1495611,1425269,70342,4.7
1992,Feb,70.7,67.4,1497375,1427429,69946,4.7
1992,Mar,70.8,67.5,1499064,1429791,69273,4.6
1992,Apr,70.8,67.6,1501264,1432773,68491,4.6
1992,May,70.9,67.7,1504171,1436296,67875,4.5
1992,Jun,71,67.8,1507737,1440256,67481,4.5
1992,Jul,71.1,68,1511780,1444595,67185,4.4
1992,Aug,71.3,68.1,1516038,1449204,66834,4.4
1992,Sep,71.4,68.3,1520306,1453955,66351,4.4
1992,Oct,71.5,68.5,1524695,1458902,65793,4.3
1992,Nov,71.7,68.6,1529133,1463809,65324,4.3
1992,Dec,71.9,68.8,1533600,1468574,65026,4.2
1993,Jan,72,69,1538058,1473377,64681,4.2
1993,Feb,72.2,69.2,1542675,1478241,64434,4.2
1993,Mar,72.4,69.4,1547743,1483227,64516,4.2
1993,Apr,72.6,69.6,1553148,1488365,64783,4.2
1993,May,72.8,69.8,1558452,1493479,64973,4.2
1993,Jun,73,70,1563093,1498208,64885,4.2
1993,Jul,73.1,70.1,1566503,1502177,64326,4.1
1993,Aug,73.1,70.2,1568489,1505247,63242,4
1993,Sep,73.1,70.2,1569473,1507580,61893,3.9
1993,Oct,73.1,70.3,1569982,1509312,60670,3.9
1993,Nov,73.1,70.3,1570433,1510632,59801,3.8
1993,Dec,73.1,70.3,1571150,1511864,59286,3.8
1994,Jan,73.1,70.3,1572160,1513163,58997,3.8
1994,Feb,73.1,70.4,1573033,1514569,58464,3.7
1994,Mar,73.1,70.4,1573472,1516068,57404,3.6
1994,Apr,73,70.4,1573920,1517787,56133,3.6
1994,May,73,70.5,1574929,1519950,54979,3.5
1994,Jun,73.1,70.6,1576740,1522540,54200,3.4
1994,Jul,73.1,70.6,1579280,1525347,53933,3.4
1994,Aug,73.2,70.7,1582093,1527987,54106,3.4
1994,Sep,73.3,70.8,1584553,1530164,54389,3.4
1994,Oct,73.3,70.8,1586209,1531821,54388,3.4
1994,Nov,73.3,70.8,1587074,1533053,54021,3.4
1994,Dec,73.2,70.7,1587132,1533580,53552,3.4
1995,Jan,73.1,70.7,1586432,1533113,53319,3.4
1995,Feb,73,70.6,1585389,1531895,53494,3.4
1995,Mar,72.9,70.4,1584311,1530290,54021,3.4
1995,Apr,72.8,70.3,1583317,1528677,54640,3.5
1995,May,72.8,70.2,1582795,1527695,55100,3.5
1995,Jun,72.7,70.2,1583202,1527896,55306,3.5
1995,Jul,72.7,70.2,1584653,1529384,55269,3.5
1995,Aug,72.8,70.3,1586799,1531786,55013,3.5
1995,Sep,72.8,70.3,1589182,1534435,54747,3.4
1995,Oct,72.9,70.4,1591482,1536746,54736,3.4
1995,Nov,73,70.4,1593528,1538521,55007,3.5
1995,Dec,73,70.5,1595479,1540003,55476,3.5
1996,Jan,73.1,70.5,1597636,1541625,56011,3.5
1996,Feb,73.2,70.6,1600236,1543648,56588,3.5
1996,Mar,73.3,70.7,1603368,1546232,57136,3.6
1996,Apr,73.4,70.8,1606697,1549234,57463,3.6
1996,May,73.5,70.9,1609661,1552192,57469,3.6
1996,Jun,73.5,70.9,1611828,1554612,57216,3.5
1996,Jul,73.6,71,1613086,1556242,56844,3.5
1996,Aug,73.5,71,1613561,1557061,56500,3.5
1996,Sep,73.5,70.9,1613306,1557048,56258,3.5
1996,Oct,73.4,70.8,1612447,1556324,56123,3.5
1996,Nov,73.3,70.8,1611323,1555279,56044,3.5
1996,Dec,73.2,70.7,1610290,1554477,55813,3.5
1997,Jan,73.2,70.7,1609575,1554275,55300,3.4
1997,Feb,73.1,70.7,1609089,1554690,54399,3.4
1997,Mar,73.1,70.7,1608531,1555415,53116,3.3
1997,Apr,73,70.7,1607673,1555942,51731,3.2
1997,May,72.9,70.6,1606213,1555740,50473,3.1
1997,Jun,72.8,70.6,1604068,1554651,49417,3.1
1997,Jul,72.7,70.5,1601675,1553012,48663,3
1997,Aug,72.5,70.4,1599568,1551366,48202,3
1997,Sep,72.4,70.3,1598100,1550350,47750,3
1997,Oct,72.4,70.2,1597412,1550276,47136,3
1997,Nov,72.3,70.2,1597376,1550996,46380,2.9
1997,Dec,72.3,70.3,1597743,1552184,45559,2.9
1998,Jan,72.3,70.3,1598175,1553371,44804,2.8
1998,Feb,72.3,70.3,1598338,1554118,44220,2.8
1998,Mar,72.3,70.3,1597935,1554060,43875,2.7
1998,Apr,72.2,70.3,1596988,1553308,43680,2.7
1998,May,72.1,70.2,1595809,1552209,43600,2.7
1998,Jun,72.1,70.1,1594704,1551076,43628,2.7
1998,Jul,72,70,1593868,1550206,43662,2.7
1998,Aug,72,70,1593727,1549938,43789,2.7
1998,Sep,72,70,1594478,1550381,44097,2.8
1998,Oct,72,70,1595730,1551397,44333,2.8
1998,Nov,72,70,1596862,1552634,44228,2.8
1998,Dec,72,70,1597477,1553714,43763,2.7
1999,Jan,72,70,1597640,1554636,43004,2.7
1999,Feb,72,70.1,1597734,1555524,42210,2.6
1999,Mar,72,70.1,1598187,1556463,41724,2.6
1999,Apr,72,70.1,1599000,1557286,41714,2.6
1999,May,72,70.1,1599775,1557671,42104,2.6
1999,Jun,72,70,1600013,1557470,42543,2.7
1999,Jul,71.9,70,1599301,1556645,42656,2.7
1999,Aug,71.8,69.9,1597473,1555325,42148,2.6
1999,Sep,71.6,69.8,1595009,1553855,41154,2.6
1999,Oct,71.5,69.7,1592746,1552688,40058,2.5
1999,Nov,71.4,69.6,1591235,1552190,39045,2.5
1999,Dec,71.3,69.6,1590539,1552174,38365,2.4
2000,Jan,71.3,69.6,1590191,1551999,38192,2.4
2000,Feb,71.3,69.6,1589626,1551195,38431,2.4
2000,Mar,71.2,69.5,1588624,1549759,38865,2.4
2000,Apr,71.2,69.4,1587319,1547947,39372,2.5
2000,May,71.1,69.3,1586186,1546248,39938,2.5
2000,Jun,71,69.2,1585754,1545071,40683,2.6
2000,Jul,71,69.2,1586373,1544727,41646,2.6
2000,Aug,71.1,69.2,1588139,1545434,42705,2.7
2000,Sep,71.2,69.2,1590758,1547057,43701,2.7
2000,Oct,71.3,69.3,1593830,1549145,44685,2.8
2000,Nov,71.4,69.4,1597030,1551157,45873,2.9
2000,Dec,71.5,69.4,1599986,1552786,47200,3
2001,Jan,71.6,69.5,1602419,1553900,48519,3
2001,Feb,71.7,69.5,1604253,1554516,49737,3.1
2001,Mar,71.7,69.5,1605481,1554779,50702,3.2
2001,Apr,71.8,69.5,1606442,1555094,51348,3.2
2001,May,71.8,69.5,1607674,1555933,51741,3.2
2001,Jun,71.9,69.5,1609469,1557382,52087,3.2
2001,Jul,72,69.6,1611962,1559258,52704,3.3
2001,Aug,72.1,69.7,1614907,1561056,53851,3.3
2001,Sep,72.2,69.7,1618068,1562526,55542,3.4
2001,Oct,72.3,69.7,1621260,1563710,57550,3.5
2001,Nov,72.4,69.8,1624334,1564718,59616,3.7
2001,Dec,72.5,69.8,1627449,1565955,61494,3.8
2002,Jan,72.7,69.9,1630809,1567821,62988,3.9
2002,Feb,72.8,70,1634357,1570313,64044,3.9
2002,Mar,73,70.1,1637809,1573059,64750,4
2002,Apr,73.1,70.2,1640889,1575696,65193,4
2002,May,73.2,70.3,1643266,1577831,65435,4
2002,Jun,73.2,70.3,1644665,1579129,65536,4
2002,Jul,73.2,70.3,1644682,1579162,65520,4
2002,Aug,73.1,70.2,1643205,1577698,65507,4
2002,Sep,73,70,1640331,1574692,65639,4
2002,Oct,72.7,69.8,1636245,1570261,65984,4
2002,Nov,72.5,69.6,1631504,1564879,66625,4.1
2002,Dec,72.3,69.3,1626556,1558949,67607,4.2
2003,Jan,72.1,69,1621909,1552990,68919,4.2
2003,Feb,71.9,68.8,1617916,1547509,70407,4.4
2003,Mar,71.7,68.5,1614524,1542674,71850,4.5
2003,Apr,71.6,68.3,1611290,1538268,73022,4.5
2003,May,71.4,68.1,1607949,1534169,73780,4.6
2003,Jun,71.3,68,1604754,1530705,74049,4.6
2003,Jul,71.1,67.8,1602116,1528240,73876,4.6
2003,Aug,71,67.7,1600295,1526925,73370,4.6
2003,Sep,70.9,67.7,1599388,1526741,72647,4.5
2003,Oct,70.9,67.7,1599339,1527396,71943,4.5
2003,Nov,70.9,67.7,1599692,1528351,71341,4.5
2003,Dec,70.9,67.7,1599882,1529016,70866,4.4
2004,Jan,70.8,67.7,1599527,1528941,70586,4.4
2004,Feb,70.8,67.7,1598650,1528182,70468,4.4
2004,Mar,70.7,67.6,1597848,1527314,70534,4.4
2004,Apr,70.7,67.5,1597615,1526791,70824,4.4
2004,May,70.7,67.5,1598044,1526718,71326,4.5
2004,Jun,70.7,67.5,1599039,1527030,72009,4.5
2004,Jul,70.7,67.5,1600417,1527729,72688,4.5
2004,Aug,70.7,67.5,1601980,1528798,73182,4.6
2004,Sep,70.8,67.5,1603607,1530184,73423,4.6
2004,Oct,70.8,67.6,1605416,1532009,73407,4.6
2004,Nov,70.9,67.7,1607668,1534526,73142,4.5
2004,Dec,71,67.8,1610621,1537894,72727,4.5
2005,Jan,71.1,67.9,1614081,1541929,72152,4.5
2005,Feb,71.3,68.1,1617648,1546143,71505,4.4
2005,Mar,71.4,68.3,1620980,1550131,70849,4.4
2005,Apr,71.5,68.4,1623973,1553802,70171,4.3
2005,May,71.6,68.5,1626722,1557231,69491,4.3
2005,Jun,71.7,68.6,1629173,1560325,68848,4.2
2005,Jul,71.7,68.7,1631498,1562964,68534,4.2
2005,Aug,71.8,68.8,1633815,1565232,68583,4.2
2005,Sep,71.8,68.8,1635994,1567347,68647,4.2
2005,Oct,71.8,68.8,1637915,1569561,68354,4.2
2005,Nov,71.8,68.9,1639578,1572098,67480,4.1
2005,Dec,71.9,69,1641217,1575196,66021,4
2006,Jan,71.9,69.1,1643212,1579074,64138,3.9
2006,Feb,72,69.3,1645764,1583589,62175,3.8
2006,Mar,72.1,69.5,1648831,1588259,60572,3.7
2006,Apr,72.2,69.6,1652343,1592593,59750,3.6
2006,May,72.4,69.7,1656081,1596291,59790,3.6
2006,Jun,72.5,69.8,1659672,1599195,60477,3.6
2006,Jul,72.6,69.9,1662689,1601390,61299,3.7
2006,Aug,72.6,69.9,1664768,1602938,61830,3.7
2006,Sep,72.6,69.9,1665836,1603753,62083,3.7
2006,Oct,72.6,69.9,1665817,1603785,62032,3.7
2006,Nov,72.5,69.8,1664736,1602946,61790,3.7
2006,Dec,72.3,69.7,1662714,1601215,61499,3.7
2007,Jan,72.2,69.5,1660286,1598949,61337,3.7
2007,Feb,72.1,69.4,1658171,1596835,61336,3.7
2007,Mar,72,69.3,1656697,1595386,61311,3.7
2007,Apr,71.9,69.3,1655975,1594835,61140,3.7
2007,May,71.9,69.2,1656044,1595132,60912,3.7
2007,Jun,71.9,69.2,1656925,1596149,60776,3.7
2007,Jul,71.9,69.3,1658545,1597678,60867,3.7
2007,Aug,72,69.3,1660783,1599551,61232,3.7
2007,Sep,72,69.4,1663398,1601728,61670,3.7
2007,Oct,72.1,69.4,1665963,1604050,61913,3.7
2007,Nov,72.2,69.5,1668276,1606389,61887,3.7
2007,Dec,72.2,69.6,1670243,1608592,61651,3.7
2008,Jan,72.2,69.6,1671686,1610245,61441,3.7
2008,Feb,72.3,69.6,1672748,1611135,61613,3.7
2008,Mar,72.3,69.6,1673879,1611394,62485,3.7
2008,Apr,72.3,69.6,1675360,1611267,64093,3.8
2008,May,72.4,69.5,1677168,1611039,66129,3.9
2008,Jun,72.4,69.5,1679085,1610855,68230,4.1
2008,Jul,72.5,69.4,1680775,1610602,70173,4.2
2008,Aug,72.5,69.4,1682188,1609982,72206,4.3
2008,Sep,72.5,69.3,1683498,1608630,74868,4.4
2008,Oct,72.5,69.1,1685021,1606327,78694,4.7
2008,Nov,72.5,68.9,1686832,1603022,83810,5
2008,Dec,72.6,68.7,1688816,1598934,89882,5.3
2009,Jan,72.6,68.5,1690828,1594508,96320,5.7
2009,Feb,72.7,68.3,1692539,1590225,102314,6
2009,Mar,72.7,68.1,1693675,1586537,107138,6.3
2009,Apr,72.7,68,1693890,1583665,110225,6.5
2009,May,72.6,67.8,1693027,1581393,111634,6.6
2009,Jun,72.5,67.7,1691314,1579477,111837,6.6
2009,Jul,72.4,67.6,1688970,1577628,111342,6.6
2009,Aug,72.2,67.5,1686168,1575679,110489,6.6
2009,Sep,72,67.3,1683162,1573705,109457,6.5
2009,Oct,71.9,67.2,1680381,1571851,108530,6.5
2009,Nov,71.7,67.1,1678347,1570544,107803,6.4
2009,Dec,71.7,67.1,1677484,1570242,107242,6.4
2010,Jan,71.6,67.1,1677700,1571136,106564,6.4
2010,Feb,71.7,67.1,1678413,1572916,105497,6.3
2010,Mar,71.6,67.2,1678977,1574961,104016,6.2
2010,Apr,71.2,66.9,1679141,1576713,102428,6.1
2010,May,71.2,66.9,1678850,1577916,100934,6
2010,Jun,71.1,66.9,1678125,1578456,99669,5.9
2010,Jul,71,66.8,1677463,1578577,98886,5.9
2010,Aug,71,66.8,1677309,1578729,98580,5.9
2010,Sep,70.9,66.8,1677717,1579134,98583,5.9
2010,Oct,70.9,66.8,1678395,1579883,98512,5.9
2010,Nov,70.9,66.8,1678737,1580655,98082,5.8
2010,Dec,70.9,66.7,1678150,1580931,97219,5.8
2011,Jan,70.7,66.7,1676439,1580360,96079,5.7
2011,Feb,70.6,66.6,1673701,1578838,94863,5.7
2011,Mar,70.4,66.5,1670235,1576542,93693,5.6
2011,Apr,70.2,66.3,1666505,1573767,92738,5.6
2011,May,70.1,66.2,1663044,1570898,92146,5.5
2011,Jun,69.9,66,1660285,1568386,91899,5.5
2011,Jul,69.8,65.9,1658330,1566490,91840,5.5
2011,Aug,69.7,65.8,1657051,1565320,91731,5.5
2011,Sep,69.6,65.8,1656336,1564954,91382,5.5
2011,Oct,69.6,65.8,1656036,1565346,90690,5.5
2011,Nov,69.5,65.8,1655845,1566263,89582,5.4
2011,Dec,69.5,65.8,1655530,1567422,88108,5.3
2012,Jan,69.4,65.8,1655012,1568570,86442,5.2
2012,Feb,69.4,65.8,1654386,1569426,84960,5.1
2012,Mar,69.3,65.8,1653639,1569640,83999,5.1
2012,Apr,69.3,65.8,1652667,1569155,83512,5.1
2012,May,69.2,65.7,1651738,1568358,83380,5
2012,Jun,69.1,65.7,1651144,1567733,83411,5.1
2012,Jul,69.1,65.6,1651019,1567718,83301,5
2012,Aug,69.1,65.6,1651397,1568392,83005,5
2012,Sep,69.1,65.6,1652163,1569562,82601,5
2012,Oct,69,65.6,1653077,1570981,82096,5
2012,Nov,69.1,65.6,1654247,1572489,81758,4.9
2012,Dec,69.1,65.7,1655811,1574099,81712,4.9
2013,Jan,69.1,65.7,1657808,1575926,81882,4.9
2013,Feb,69.2,65.8,1660293,1578214,82079,4.9
2013,Mar,69.3,65.9,1663533,1581458,82075,4.9
2013,Apr,69.5,66.1,1667620,1585820,81800,4.9
2013,May,69.6,66.2,1671900,1590692,81208,4.9
2013,Jun,69.7,66.4,1675671,1595295,80376,4.8
2013,Jul,69.8,66.5,1678587,1599183,79404,4.7
2013,Aug,69.8,66.6,1680556,1602276,78280,4.7
2013,Sep,69.8,66.6,1681833,1604751,77082,4.6
2013,Oct,69.9,66.7,1682991,1606869,76122,4.5
2013,Nov,69.9,66.7,1684516,1609032,75484,4.5
2013,Dec,69.9,66.8,1686595,1611506,75089,4.5
2014,Jan,70.1,67,1690171,1615429,74742,4.4
2014,Feb,70.1,67.1,1693232,1618872,74360,4.4
2014,Mar,70.2,67.2,1696024,1622076,73948,4.4
2014,Apr,70.3,67.3,1698282,1624783,73499,4.3
2014,May,70.3,67.3,1700176,1627201,72975,4.3
2014,Jun,70.4,67.4,1701958,1629585,72373,4.3
2014,Jul,70.4,67.4,1703586,1631795,71791,4.2
2014,Aug,70.4,67.5,1705121,1633789,71332,4.2
2014,Sep,70.4,67.5,1706417,1635553,70864,4.2
2014,Oct,70.4,67.5,1707224,1637013,70211,4.1
2014,Nov,70.4,67.6,1707293,1638022,69271,4.1
2014,Dec,70.4,67.6,1706704,1638498,68206,4
2015,Jan,70.2,67.4,1702933,1635995,66938,3.9
2015,Feb,70.1,67.4,1701472,1635417,66055,3.9
2015,Mar,70.1,67.4,1700140,1634796,65344,3.8
2015,Apr,70,67.3,1698873,1634174,64699,3.8
2015,May,69.9,67.3,1697547,1633463,64084,3.8
2015,Jun,69.8,67.2,1696284,1632769,63515,3.7
2015,Jul,69.8,67.2,1695446,1632401,63045,3.7
2015,Aug,69.7,67.1,1695235,1632568,62667,3.7
2015,Sep,69.7,67.1,1695724,1633276,62448,3.7
2015,Oct,69.7,67.2,1696828,1634445,62383,3.7
2015,Nov,69.8,67.2,1698179,1635792,62387,3.7
2015,Dec,69.8,67.2,1699220,1636901,62319,3.7
2016,Jan,69.8,67.2,1699371,1637272,62099,3.7
2016,Feb,69.7,67.2,1698432,1636572,61860,3.6
2016,Mar,69.6,67.1,1696676,1634926,61750,3.6
2016,Apr,69.5,67,1694652,1632809,61843,3.6
2016,May,69.4,66.9,1692845,1630753,62092,3.7
2016,Jun,69.3,66.8,1691281,1628985,62296,3.7
2016,Jul,69.2,66.7,1689795,1627571,62224,3.7
2016,Aug,69.1,66.6,1688153,1626330,61823,3.7
2016,Sep,69,66.5,1686120,1624950,61170,3.6
2016,Oct,68.9,66.4,1683490,1623220,60270,3.6
2016,Nov,68.7,66.3,1680460,1621291,59169,3.5
2016,Dec,68.6,66.2,1677455,1619471,57984,3.5
2017,Jan,68.5,66.1,1674974,1618128,56846,3.4
2017,Feb,68.4,66.1,1673335,1617568,55767,3.3
2017,Mar,68.3,66.1,1672548,1617761,54787,3.3
2017,Apr,68.3,66.1,1672630,1618631,53999,3.2
2017,May,68.3,66.1,1673258,1619914,53344,3.2
2017,Jun,68.3,66.2,1673834,1621084,52750,3.2
2017,Jul,68.3,66.2,1673930,1621789,52141,3.1
2017,Aug,68.2,66.1,1673330,1621979,51351,3.1
2017,Sep,68.2,66.1,1672334,1621984,50350,3
2017,Oct,68.1,66.1,1671496,1622236,49260,2.9
2017,Nov,68.1,66.1,1671300,1623003,48297,2.9
2017,Dec,68.1,66.2,1672136,1624632,47504,2.8
2018,Jan,68.2,66.3,1674204,1627347,46857,2.8
2018,Feb,68.3,66.4,1677313,1630983,46330,2.8
2018,Mar,68.4,66.6,1680761,1634987,45774,2.7
2018,Apr,68.5,66.7,1683698,1638661,45037,2.7
2018,May,68.6,66.8,1685939,1641741,44198,2.6
2018,Jun,68.7,66.9,1687908,1644528,43380,2.6
2018,Jul,68.7,67,1690078,1647349,42729,2.5
2018,Aug,68.8,67.1,1692987,1650533,42454,2.5
2018,Sep,68.9,67.2,1696884,1654354,42530,2.5
2018,Oct,69.1,67.4,1701781,1658789,42992,2.5
2018,Nov,69.3,67.5,1707325,1663548,43777,2.6
2018,Dec,69.5,67.7,1712768,1668076,44692,2.6
2019,Jan,69.7,67.9,1717459,1671886,45573,2.7
2019,Feb,69.8,68,1721176,1674918,46258,2.7
2019,Mar,70,68.1,1724319,1677562,46757,2.7
2019,Apr,70.1,68.2,1727448,1680404,47044,2.7
2019,May,70.2,68.3,1730994,1683850,47144,2.7
2019,Jun,70.3,68.4,1735299,1688059,47240,2.7
2019,Jul,70.5,68.6,1740791,1693248,47543,2.7
2019,Aug,70.7,68.8,1746330,1698273,48057,2.8
2019,Sep,70.9,68.9,1751217,1702476,48741,2.8
2019,Oct,71,69,1754370,1705063,49307,2.8
2019,Nov,71,69,1754287,1704890,49397,2.8
2019,Dec,70.9,68.9,1753614,1704276,49338,2.8
2020,Jan,71,68.9,1754704,1704978,49726,2.8
2020,Feb,70.9,68.9,1752621,1703351,49270,2.8
2020,Mar,69.6,67.3,1722018,1665444,56574,3.3
2020,Apr,69.2,61.6,1712643,1524636,188007,11
2020,May,68.4,61.5,1694125,1521154,172971,10.2
2020,Jun,66.4,60.8,1644151,1506501,137650,8.4
2020,Jul,65.7,61.2,1626512,1516177,110335,6.8
2020,Aug,65.6,61.5,1624524,1522789,101735,6.3
2020,Sep,65.1,62,1612751,1536187,76564,4.7
