Year,Period,labor force participation rate,employment-population ratio,labor force,employment,unemployment,unemployment rate
2010,Jan,70.4,65.3,1506003,1397325,108678,7.2
2010,Feb,70.3,65.3,1504661,1396164,108497,7.2
2010,Mar,70.2,65.2,1503545,1395688,107857,7.2
2010,Apr,70,65,1502629,1395747,106882,7.1
2010,May,69.9,65,1501761,1396071,105690,7
2010,Jun,69.8,65,1500929,1396182,104747,7
2010,Jul,69.8,64.9,1500087,1395787,104300,7
2010,Aug,69.7,64.8,1499249,1394978,104271,7
2010,Sep,69.6,64.8,1498527,1393989,104538,7
2010,Oct,69.6,64.7,1498125,1393254,104871,7
2010,Nov,69.5,64.6,1497897,1392963,104934,7
2010,Dec,69.5,64.6,1497590,1393039,104551,7
2011,Jan,69.4,64.6,1497002,1393260,103742,6.9
2011,Feb,69.3,64.6,1495829,1393342,102487,6.9
2011,Mar,69.2,64.6,1494025,1393176,100849,6.8
2011,Apr,69.1,64.5,1491929,1392856,99073,6.6
2011,May,69,64.5,1490149,1392637,97512,6.5
2011,Jun,68.9,64.5,1489125,1392802,96323,6.5
2011,Jul,68.9,64.5,1488961,1393396,95565,6.4
2011,Aug,68.9,64.5,1489304,1394198,95106,6.4
2011,Sep,68.8,64.5,1489593,1395030,94563,6.3
2011,Oct,68.8,64.5,1489501,1395785,93716,6.3
2011,Nov,68.7,64.4,1488863,1396313,92550,6.2
2011,Dec,68.6,64.4,1487729,1396598,91131,6.1
2012,Jan,68.6,64.4,1486440,1396822,89618,6
2012,Feb,68.5,64.4,1485381,1397111,88270,5.9
2012,Mar,68.4,64.4,1484558,1397295,87263,5.9
2012,Apr,68.3,64.4,1483742,1397324,86418,5.8
2012,May,68.3,64.3,1483049,1397448,85601,5.8
2012,Jun,68.2,64.3,1482687,1397941,84746,5.7
2012,Jul,68.2,64.3,1482906,1399007,83899,5.7
2012,Aug,68.2,64.4,1483901,1400598,83303,5.6
2012,Sep,68.3,64.4,1485494,1402370,83124,5.6
2012,Oct,68.3,64.5,1487079,1403867,83212,5.6
2012,Nov,68.3,64.5,1488233,1404914,83319,5.6
2012,Dec,68.3,64.5,1488770,1405512,83258,5.6
2013,Jan,68.2,64.4,1486639,1403681,82958,5.6
2013,Feb,68.2,64.4,1486147,1403748,82399,5.5
2013,Mar,68.2,64.4,1485814,1404095,81719,5.5
2013,Apr,68.2,64.4,1485983,1404882,81101,5.5
2013,May,68.2,64.5,1486465,1405879,80586,5.4
2013,Jun,68.2,64.5,1486898,1406811,80087,5.4
2013,Jul,68.1,64.5,1487012,1407581,79431,5.3
2013,Aug,68.1,64.5,1486564,1408273,78291,5.3
2013,Sep,68,64.5,1485783,1409064,76719,5.2
2013,Oct,67.9,64.5,1485261,1410137,75124,5.1
2013,Nov,67.9,64.6,1485381,1411634,73747,5
2013,Dec,67.9,64.6,1486214,1413550,72664,4.9
2014,Jan,68,64.7,1488043,1416150,71893,4.8
2014,Feb,68.1,64.8,1489871,1418675,71196,4.8
2014,Mar,68.1,64.9,1491593,1421049,70544,4.7
2014,Apr,68.1,65,1492829,1422972,69857,4.7
2014,May,68.1,65,1493466,1424414,69052,4.6
2014,Jun,68.1,65,1493654,1425540,68114,4.6
2014,Jul,68.1,65,1493478,1426371,67107,4.5
2014,Aug,68,65,1493171,1426989,66182,4.4
2014,Sep,68,65,1492868,1427472,65396,4.4
2014,Oct,67.9,65,1492506,1427819,64687,4.3
2014,Nov,67.9,65,1492119,1427910,64209,4.3
2014,Dec,67.9,64.9,1491875,1427726,64149,4.3
2015,Jan,67.8,64.9,1490808,1426366,64442,4.3
2015,Feb,67.8,64.8,1490773,1425872,64901,4.4
2015,Mar,67.7,64.8,1490715,1425529,65186,4.4
2015,Apr,67.7,64.8,1490525,1425527,64998,4.4
2015,May,67.7,64.8,1490082,1425859,64223,4.3
2015,Jun,67.6,64.8,1489406,1426405,63001,4.2
2015,Jul,67.6,64.8,1488716,1427093,61623,4.1
2015,Aug,67.5,64.8,1488253,1427873,60380,4.1
2015,Sep,67.5,64.8,1488145,1428706,59439,4
2015,Oct,67.5,64.8,1488474,1429538,58936,4
2015,Nov,67.5,64.8,1489091,1430260,58831,4
2015,Dec,67.5,64.8,1489544,1430695,58849,4
2016,Jan,67.4,64.8,1489470,1430646,58824,3.9
2016,Feb,67.4,64.7,1488767,1429984,58783,3.9
2016,Mar,67.3,64.6,1487516,1428684,58832,4
2016,Apr,67.2,64.5,1485963,1426864,59099,4
2016,May,67.1,64.4,1484466,1424843,59623,4
2016,Jun,67,64.3,1483235,1422937,60298,4.1
2016,Jul,67,64.2,1482348,1421415,60933,4.1
2016,Aug,66.9,64.2,1481715,1420364,61351,4.1
2016,Sep,66.9,64.1,1481156,1419734,61422,4.1
2016,Oct,66.8,64.1,1480456,1419511,60945,4.1
2016,Nov,66.8,64.1,1479556,1419671,59885,4
2016,Dec,66.7,64.1,1478564,1420053,58511,4
2017,Jan,66.7,64.1,1477592,1420459,57133,3.9
2017,Feb,66.7,64.1,1476730,1420853,55877,3.8
2017,Mar,66.6,64.2,1476127,1421191,54936,3.7
2017,Apr,66.6,64.2,1475989,1421563,54426,3.7
2017,May,66.6,64.2,1476241,1422035,54206,3.7
2017,Jun,66.7,64.2,1476626,1422543,54083,3.7
2017,Jul,66.7,64.2,1476897,1422992,53905,3.6
2017,Aug,66.6,64.2,1476793,1423257,53536,3.6
2017,Sep,66.6,64.2,1476276,1423318,52958,3.6
2017,Oct,66.5,64.2,1475509,1423215,52294,3.5
2017,Nov,66.5,64.2,1474727,1423062,51665,3.5
2017,Dec,66.4,64.1,1474241,1423163,51078,3.5
2018,Jan,66.4,64.2,1474306,1423709,50597,3.4
2018,Feb,66.5,64.2,1474952,1424710,50242,3.4
2018,Mar,66.5,64.2,1475864,1426026,49838,3.4
2018,Apr,66.5,64.3,1476613,1427356,49257,3.3
2018,May,66.5,64.3,1477087,1428461,48626,3.3
2018,Jun,66.5,64.4,1477419,1429382,48037,3.3
2018,Jul,66.5,64.4,1477726,1430171,47555,3.2
2018,Aug,66.5,64.4,1478246,1430900,47346,3.2
2018,Sep,66.5,64.4,1479031,1431594,47437,3.2
2018,Oct,66.5,64.4,1479965,1432197,47768,3.2
2018,Nov,66.5,64.4,1480850,1432676,48174,3.3
2018,Dec,66.6,64.4,1481477,1433006,48471,3.3
2019,Jan,66.6,64.4,1481778,1433280,48498,3.3
2019,Feb,66.6,64.4,1481810,1433605,48205,3.3
2019,Mar,66.6,64.4,1481866,1434149,47717,3.2
2019,Apr,66.6,64.4,1482224,1435111,47113,3.2
2019,May,66.6,64.5,1482972,1436489,46483,3.1
2019,Jun,66.6,64.5,1484145,1438114,46031,3.1
2019,Jul,66.7,64.6,1486033,1440113,45920,3.1
2019,Aug,66.7,64.7,1488057,1441976,46081,3.1
2019,Sep,66.8,64.7,1490123,1443702,46421,3.1
2019,Oct,66.8,64.7,1491710,1444930,46780,3.1
2019,Nov,66.8,64.7,1491949,1445043,46906,3.1
2019,Dec,66.8,64.7,1491808,1444886,46922,3.1
2020,Jan,66.9,64.8,1493934,1447063,46871,3.1
2020,Feb,67,64.9,1496525,1449736,46789,3.1
2020,Mar,67.5,65.6,1508551,1465907,42644,2.8
2020,Apr,67.3,59.3,1503506,1324012,179494,11.9
2020,May,67.4,60.6,1505828,1354535,151293,10
2020,Jun,66.3,61.4,1482608,1371795,110813,7.5
2020,Jul,66.7,61.9,1491299,1384180,107119,7.2
2020,Aug,67,62.4,1499273,1395736,103537,6.9
2020,Sep,65.9,62,1475696,1387968,87728,5.9
