Year,Period,labor force participation rate,employment-population ratio,labor force,employment,unemployment,unemployment rate
1976,Jan,64.5,60.3,1905561,1781850,123711,6.5
1976,Feb,64.4,60.2,1904839,1781465,123374,6.5
1976,Mar,64.3,60.1,1904177,1781135,123042,6.5
1976,Apr,64.2,60.1,1905507,1781610,123897,6.5
1976,May,64.2,60,1908475,1783003,125472,6.6
1976,Jun,64.3,60,1912938,1785651,127287,6.7
1976,Jul,64.4,60,1917430,1788622,128808,6.7
1976,Aug,64.4,60,1921043,1791765,129278,6.7
1976,Sep,64.4,60.1,1924391,1795002,129389,6.7
1976,Oct,64.4,60.1,1928737,1798409,130328,6.8
1976,Nov,64.5,60.1,1934119,1802323,131796,6.8
1976,Dec,64.6,60.2,1940048,1807161,132887,6.8
1977,Jan,64.7,60.3,1946311,1813119,133192,6.8
1977,Feb,64.8,60.4,1952130,1819863,132267,6.8
1977,Mar,64.9,60.6,1956482,1826574,129908,6.6
1977,Apr,64.9,60.7,1959080,1832788,126292,6.4
1977,May,64.8,60.8,1960743,1838453,122290,6.2
1977,Jun,64.8,60.9,1963111,1843863,119248,6.1
1977,Jul,64.9,61,1967973,1849700,118273,6
1977,Aug,65.1,61.1,1975793,1856446,119347,6
1977,Sep,65.3,61.3,1984662,1863976,120686,6.1
1977,Oct,65.4,61.5,1992736,1871736,121000,6.1
1977,Nov,65.6,61.6,1999582,1879255,120327,6
1977,Dec,65.7,61.8,2005149,1886348,118801,5.9
1978,Jan,65.8,62,2009684,1893274,116410,5.8
1978,Feb,65.8,62.1,2014163,1900364,113799,5.6
1978,Mar,65.9,62.3,2019750,1907834,111916,5.5
1978,Apr,66.1,62.4,2026691,1915585,111106,5.5
1978,May,66.2,62.6,2034586,1923421,111165,5.5
1978,Jun,66.4,62.8,2042412,1931119,111293,5.4
1978,Jul,66.5,62.9,2049513,1938292,111221,5.4
1978,Aug,66.7,63.1,2055978,1944678,111300,5.4
1978,Sep,66.8,63.2,2062526,1950340,112186,5.4
1978,Oct,67,63.3,2069366,1955593,113773,5.5
1978,Nov,67.1,63.4,2076372,1960553,115819,5.6
1978,Dec,67.3,63.5,2083214,1964984,118230,5.7
1979,Jan,67.4,63.5,2089611,1969034,120577,5.8
1979,Feb,67.5,63.6,2095269,1973146,122123,5.8
1979,Mar,67.6,63.7,2100091,1977437,122654,5.8
1979,Apr,67.7,63.8,2104520,1981809,122711,5.8
1979,May,67.8,63.8,2108803,1986099,122704,5.8
1979,Jun,67.8,63.9,2112826,1989907,122919,5.8
1979,Jul,67.9,63.9,2116249,1993203,123046,5.8
1979,Aug,67.9,64,2119053,1996136,122917,5.8
1979,Sep,68,64,2121485,1998924,122561,5.8
1979,Oct,68,64.1,2123593,2001712,121881,5.7
1979,Nov,68,64.1,2125675,2004417,121258,5.7
1979,Dec,68.1,64.2,2128322,2006767,121555,5.7
1980,Jan,68.1,64.2,2131570,2007990,123580,5.8
1980,Feb,68.2,64.1,2135312,2007631,127681,6
1980,Mar,68.3,64.1,2139573,2006271,133302,6.2
1980,Apr,68.4,64,2143654,2004557,139097,6.5
1980,May,68.4,63.9,2147069,2003045,144024,6.7
1980,Jun,68.4,63.7,2149860,2002474,147386,6.9
1980,Jul,68.4,63.7,2151888,2003103,148785,6.9
1980,Aug,68.3,63.6,2153167,2004785,148382,6.9
1980,Sep,68.3,63.6,2154127,2007141,146986,6.8
1980,Oct,68.2,63.6,2155411,2009648,145763,6.8
1980,Nov,68.2,63.6,2157284,2012145,145139,6.7
1980,Dec,68.2,63.6,2159915,2014802,145113,6.7
1981,Jan,68.2,63.6,2163253,2017478,145775,6.7
1981,Feb,68.2,63.6,2166637,2019679,146958,6.8
1981,Mar,68.2,63.5,2169199,2020926,148273,6.8
1981,Apr,68.1,63.4,2170766,2021089,149677,6.9
1981,May,68.1,63.3,2171362,2020178,151184,7
1981,Jun,68,63.2,2171222,2018224,152998,7
1981,Jul,67.9,63,2171009,2015423,155586,7.2
1981,Aug,67.8,62.8,2171180,2012109,159071,7.3
1981,Sep,67.8,62.7,2171929,2008675,163254,7.5
1981,Oct,67.8,62.5,2173402,2005434,167968,7.7
1981,Nov,67.8,62.4,2175332,2002392,172940,8
1981,Dec,67.8,62.3,2177302,1999643,177659,8.2
1982,Jan,67.8,62.2,2178888,1997554,181334,8.3
1982,Feb,67.8,62.1,2179772,1996269,183503,8.4
1982,Mar,67.7,62,2179731,1995532,184199,8.5
1982,Apr,67.6,61.9,2178744,1995087,183657,8.4
1982,May,67.5,61.9,2176972,1994746,182226,8.4
1982,Jun,67.4,61.8,2174754,1994291,180463,8.3
1982,Jul,67.3,61.7,2172501,1993596,178905,8.2
1982,Aug,67.2,61.7,2170837,1992906,177931,8.2
1982,Sep,67.1,61.7,2170163,1992609,177554,8.2
1982,Oct,67.1,61.6,2170587,1993068,177519,8.2
1982,Nov,67.1,61.7,2171980,1994658,177322,8.2
1982,Dec,67.2,61.7,2173689,1997366,176323,8.1
1983,Jan,67.2,61.8,2175594,2001177,174417,8
1983,Feb,67.2,61.9,2177888,2006182,171706,7.9
1983,Mar,67.3,62.1,2180379,2012068,168311,7.7
1983,Apr,67.3,62.3,2183333,2018841,164492,7.5
1983,May,67.4,62.5,2187338,2026742,160596,7.3
1983,Jun,67.6,62.7,2192543,2035869,156674,7.1
1983,Jul,67.7,63,2198745,2046056,152689,6.9
1983,Aug,67.8,63.3,2205051,2056385,148666,6.7
1983,Sep,67.9,63.5,2210256,2065869,144387,6.5
1983,Oct,68,63.7,2213549,2073984,139565,6.3
1983,Nov,67.9,63.8,2214914,2080479,134435,6.1
1983,Dec,67.9,63.9,2215318,2085621,129697,5.9
1984,Jan,67.8,64,2215898,2090166,125732,5.7
1984,Feb,67.8,64,2217803,2094975,122828,5.5
1984,Mar,67.9,64.1,2222118,2100773,121345,5.5
1984,Apr,68,64.3,2228478,2107359,121119,5.4
1984,May,68.1,64.4,2235580,2113929,121651,5.4
1984,Jun,68.3,64.5,2242099,2119906,122193,5.4
1984,Jul,68.3,64.6,2247050,2124992,122058,5.4
1984,Aug,68.3,64.7,2250416,2129370,121046,5.4
1984,Sep,68.3,64.7,2252956,2133366,119590,5.3
1984,Oct,68.3,64.7,2255358,2137426,117932,5.2
1984,Nov,68.3,64.8,2258156,2142055,116101,5.1
1984,Dec,68.3,64.9,2261420,2147295,114125,5
1985,Jan,68.3,64.9,2264788,2152557,112231,5
1985,Feb,68.3,65,2267821,2157172,110649,4.9
1985,Mar,68.3,65,2270273,2160976,109297,4.8
1985,Apr,68.3,65,2272298,2164235,108063,4.8
1985,May,68.2,65,2274309,2167411,106898,4.7
1985,Jun,68.2,65,2276629,2170892,105737,4.6
1985,Jul,68.2,65.1,2279468,2174892,104576,4.6
1985,Aug,68.2,65.1,2282714,2179638,103076,4.5
1985,Sep,68.2,65.2,2286220,2185031,101189,4.4
1985,Oct,68.3,65.3,2290206,2190602,99604,4.3
1985,Nov,68.3,65.4,2294873,2195980,98893,4.3
1985,Dec,68.4,65.5,2300312,2201194,99118,4.3
1986,Jan,68.5,65.5,2306741,2206594,100147,4.3
1986,Feb,68.6,65.6,2314154,2212545,101609,4.4
1986,Mar,68.8,65.7,2322024,2218984,103040,4.4
1986,Apr,68.9,65.8,2329883,2225635,104248,4.5
1986,May,69.1,65.9,2337458,2232232,105226,4.5
1986,Jun,69.2,66.1,2344812,2238570,106242,4.5
1986,Jul,69.3,66.2,2352063,2244501,107562,4.6
1986,Aug,69.4,66.2,2359212,2249978,109234,4.6
1986,Sep,69.5,66.3,2366101,2255197,110904,4.7
1986,Oct,69.6,66.3,2372440,2260426,112014,4.7
1986,Nov,69.7,66.4,2378003,2265681,112322,4.7
1986,Dec,69.7,66.4,2382870,2271062,111808,4.7
1987,Jan,69.7,66.5,2387012,2276457,110555,4.6
1987,Feb,69.8,66.6,2390387,2281543,108844,4.6
1987,Mar,69.7,66.6,2393361,2286279,107082,4.5
1987,Apr,69.7,66.7,2396247,2290794,105453,4.4
1987,May,69.7,66.7,2399284,2295266,104018,4.3
1987,Jun,69.7,66.7,2402774,2299839,102935,4.3
1987,Jul,69.7,66.8,2406978,2304706,102272,4.2
1987,Aug,69.8,66.8,2412190,2309942,102248,4.2
1987,Sep,69.8,66.9,2418491,2315562,102929,4.3
1987,Oct,69.9,66.9,2425476,2321367,104109,4.3
1987,Nov,70,67,2432500,2327141,105359,4.3
1987,Dec,70.1,67,2439011,2332512,106499,4.4
1988,Jan,70.2,67.1,2444552,2337273,107279,4.4
1988,Feb,70.2,67.1,2449100,2341634,107466,4.4
1988,Mar,70.2,67.1,2453073,2345867,107206,4.4
1988,Apr,70.2,67.2,2457152,2350289,106863,4.3
1988,May,70.2,67.2,2461765,2355096,106669,4.3
1988,Jun,70.3,67.2,2466861,2360274,106587,4.3
1988,Jul,70.3,67.3,2472195,2365696,106499,4.3
1988,Aug,70.4,67.4,2477282,2371258,106024,4.3
1988,Sep,70.4,67.5,2481759,2376998,104761,4.2
1988,Oct,70.5,67.6,2485600,2383037,102563,4.1
1988,Nov,70.5,67.7,2489141,2389283,99858,4
1988,Dec,70.5,67.8,2492749,2395448,97301,3.9
1989,Jan,70.6,67.9,2496907,2401369,95538,3.8
1989,Feb,70.7,68,2501986,2406883,95103,3.8
1989,Mar,70.8,68.1,2507624,2411952,95672,3.8
1989,Apr,70.8,68.1,2513091,2416523,96568,3.8
1989,May,70.9,68.2,2518022,2420685,97337,3.9
1989,Jun,71,68.2,2522473,2424797,97676,3.9
1989,Jul,71,68.3,2526405,2429034,97371,3.9
1989,Aug,71,68.3,2530328,2433521,96807,3.8
1989,Sep,71.1,68.4,2534898,2438391,96507,3.8
1989,Oct,71.2,68.5,2540355,2443983,96372,3.8
1989,Nov,71.3,68.6,2546513,2450376,96137,3.8
1989,Dec,71.4,68.7,2553028,2457293,95735,3.7
1990,Jan,69.5,66.9,2559517,2464193,95324,3.7
1990,Feb,69.6,67.1,2565516,2470292,95224,3.7
1990,Mar,69.8,67.2,2571178,2474975,96203,3.7
1990,Apr,69.9,67.2,2577098,2478121,98977,3.8
1990,May,70.1,67.3,2583321,2479875,103446,4
1990,Jun,70.2,67.3,2589516,2480244,109272,4.2
1990,Jul,70.4,67.2,2595690,2479678,116012,4.5
1990,Aug,70.5,67.1,2601066,2478331,122735,4.7
1990,Sep,70.5,67,2604780,2475842,128938,5
1990,Oct,70.5,66.8,2607067,2472057,135010,5.2
1990,Nov,70.5,66.7,2608412,2467538,140874,5.4
1990,Dec,70.4,66.5,2609247,2463034,146213,5.6
1991,Jan,70.4,66.4,2609997,2459059,150938,5.8
1991,Feb,70.4,66.2,2610896,2456182,154714,5.9
1991,Mar,70.4,66.2,2611581,2454500,157081,6
1991,Apr,70.3,66.1,2611771,2453855,157916,6
1991,May,70.3,66.1,2611850,2454122,157728,6
1991,Jun,70.3,66,2612280,2455124,157156,6
1991,Jul,70.2,66,2613202,2456347,156855,6
1991,Aug,70.2,66,2615303,2457548,157755,6
1991,Sep,70.3,66,2619192,2458831,160361,6.1
1991,Oct,70.4,66,2624462,2459869,164593,6.3
1991,Nov,70.5,66,2630611,2460564,170047,6.5
1991,Dec,70.7,66,2636887,2461162,175725,6.7
1992,Jan,70.8,65.9,2642587,2462042,180545,6.8
1992,Feb,70.9,66,2647421,2463476,183945,6.9
1992,Mar,71,66,2651315,2465767,185548,7
1992,Apr,71,66,2654030,2468619,185411,7
1992,May,71,66.1,2655281,2471246,184035,6.9
1992,Jun,71,66.1,2655222,2473115,182107,6.9
1992,Jul,70.9,66.1,2654370,2474070,180300,6.8
1992,Aug,70.8,66.1,2653049,2474313,178736,6.7
1992,Sep,70.7,66,2651468,2474332,177136,6.7
1992,Oct,70.6,66,2650014,2474794,175220,6.6
1992,Nov,70.6,66,2648796,2475690,173106,6.5
1992,Dec,70.5,66,2647988,2476919,171069,6.5
1993,Jan,70.5,66,2647824,2478557,169267,6.4
1993,Feb,70.5,66,2648456,2480514,167942,6.3
1993,Mar,70.5,66,2650275,2482757,167518,6.3
1993,Apr,70.5,66.1,2653164,2485336,167828,6.3
1993,May,70.6,66.1,2656550,2488201,168349,6.3
1993,Jun,70.7,66.2,2659725,2491267,168458,6.3
1993,Jul,70.7,66.2,2662044,2494471,167573,6.3
1993,Aug,70.7,66.3,2663416,2497870,165546,6.2
1993,Sep,70.6,66.3,2664198,2501521,162677,6.1
1993,Oct,70.6,66.4,2664858,2505326,159532,6
1993,Nov,70.6,66.4,2665812,2509190,156622,5.9
1993,Dec,70.6,66.5,2667332,2513134,154198,5.8
1994,Jan,70.6,66.5,2669164,2517036,152128,5.7
1994,Feb,70.6,66.6,2670717,2520725,149992,5.6
1994,Mar,70.6,66.7,2671687,2524104,147583,5.5
1994,Apr,70.5,66.7,2672478,2527435,145043,5.4
1994,May,70.5,66.8,2673805,2531188,142617,5.3
1994,Jun,70.5,66.8,2676077,2535580,140497,5.3
1994,Jul,70.6,66.9,2679541,2540592,138949,5.2
1994,Aug,70.7,67,2683941,2546041,137900,5.1
1994,Sep,70.7,67.1,2688802,2551767,137035,5.1
1994,Oct,70.8,67.2,2693351,2557658,135693,5
1994,Nov,70.9,67.4,2697283,2563436,133847,5
1994,Dec,70.9,67.4,2700413,2568296,132117,4.9
1995,Jan,70.9,67.5,2702822,2571579,131243,4.9
1995,Feb,71,67.5,2704905,2573363,131542,4.9
1995,Mar,71,67.5,2706805,2573987,132818,4.9
1995,Apr,71,67.5,2708520,2573914,134606,5
1995,May,71,67.4,2710114,2573754,136360,5
1995,Jun,71,67.4,2711693,2573988,137705,5.1
1995,Jul,71,67.4,2713067,2574774,138293,5.1
1995,Aug,71,67.3,2713931,2575569,138362,5.1
1995,Sep,70.9,67.3,2714213,2575751,138462,5.1
1995,Oct,70.8,67.2,2714218,2575229,138989,5.1
1995,Nov,70.7,67.1,2714176,2574419,139757,5.1
1995,Dec,70.7,67,2714543,2574112,140431,5.2
1996,Jan,70.7,67,2715919,2575188,140731,5.2
1996,Feb,70.7,67.1,2718710,2578125,140585,5.2
1996,Mar,70.8,67.1,2723104,2583016,140088,5.1
1996,Apr,70.9,67.2,2728698,2589453,139245,5.1
1996,May,71,67.4,2734886,2596678,138208,5.1
1996,Jun,71,67.5,2741013,2603813,137200,5
1996,Jul,71.1,67.6,2746555,2610080,136475,5
1996,Aug,71.2,67.7,2751196,2615121,136075,4.9
1996,Sep,71.2,67.7,2754523,2618617,135906,4.9
1996,Oct,71.2,67.7,2756590,2620392,136198,4.9
1996,Nov,71.2,67.7,2757893,2620957,136936,5
1996,Dec,71.2,67.6,2759019,2621207,137812,5
1997,Jan,71.2,67.6,2760501,2621868,138633,5
1997,Feb,71.2,67.6,2762384,2623190,139194,5
1997,Mar,71.2,67.6,2764150,2625090,139060,5
1997,Apr,71.2,67.7,2765679,2627195,138484,5
1997,May,71.2,67.7,2766699,2628923,137776,5
1997,Jun,71.2,67.7,2767100,2630057,137043,5
1997,Jul,71.2,67.6,2767296,2630857,136439,4.9
1997,Aug,71.1,67.6,2767856,2631669,136187,4.9
1997,Sep,71.1,67.6,2768996,2632812,136184,4.9
1997,Oct,71.1,67.6,2770602,2634314,136288,4.9
1997,Nov,71.1,67.6,2771925,2635774,136151,4.9
1997,Dec,71,67.6,2772177,2636839,135338,4.9
1998,Jan,70.9,67.5,2770846,2637223,133623,4.8
1998,Feb,70.8,67.5,2768351,2637044,131307,4.7
1998,Mar,70.7,67.4,2765884,2636812,129072,4.7
1998,Apr,70.7,67.4,2764170,2637120,127050,4.6
1998,May,70.6,67.4,2763486,2638239,125247,4.5
1998,Jun,70.6,67.4,2763743,2639967,123776,4.5
1998,Jul,70.5,67.4,2764229,2641933,122296,4.4
1998,Aug,70.5,67.4,2764244,2644055,120189,4.3
1998,Sep,70.4,67.4,2763673,2646329,117344,4.2
1998,Oct,70.3,67.4,2762617,2648726,113891,4.1
1998,Nov,70.2,67.4,2761537,2651114,110423,4
1998,Dec,70.1,67.4,2761071,2653391,107680,3.9
1999,Jan,70.1,67.4,2761219,2655522,105697,3.8
1999,Feb,70.1,67.4,2761708,2657437,104271,3.8
1999,Mar,70.1,67.4,2762133,2659057,103076,3.7
1999,Apr,70,67.4,2762312,2660414,101898,3.7
1999,May,69.9,67.4,2762419,2661822,100597,3.6
1999,Jun,69.9,67.4,2762786,2663703,99083,3.6
1999,Jul,69.9,67.4,2763767,2666228,97539,3.5
1999,Aug,69.9,67.4,2765460,2669362,96098,3.5
1999,Sep,69.8,67.5,2767775,2672927,94848,3.4
1999,Oct,69.9,67.5,2770614,2676720,93894,3.4
1999,Nov,69.9,67.5,2774028,2680807,93221,3.4
1999,Dec,69.9,67.6,2777980,2685000,92980,3.3
2000,Jan,70,67.6,2782556,2689025,93531,3.4
2000,Feb,70.1,67.7,2787422,2692642,94780,3.4
2000,Mar,70.1,67.7,2791844,2695274,96570,3.5
2000,Apr,70.2,67.7,2795579,2696854,98725,3.5
2000,May,70.2,67.7,2798681,2697860,100821,3.6
2000,Jun,70.2,67.6,2801220,2698787,102433,3.7
2000,Jul,70.2,67.6,2803762,2700405,103357,3.7
2000,Aug,70.2,67.6,2807112,2703445,103667,3.7
2000,Sep,70.2,67.6,2811536,2708095,103441,3.7
2000,Oct,70.2,67.7,2816750,2713976,102774,3.6
2000,Nov,70.3,67.8,2821958,2719917,102041,3.6
2000,Dec,70.3,67.8,2826117,2724653,101464,3.6
2001,Jan,70.3,67.8,2828582,2727450,101132,3.6
2001,Feb,70.2,67.7,2829454,2728234,101220,3.6
2001,Mar,70.2,67.6,2829343,2727540,101803,3.6
2001,Apr,70.1,67.5,2828897,2725862,103035,3.6
2001,May,70,67.4,2828978,2723705,105273,3.7
2001,Jun,70,67.3,2830529,2721806,108723,3.8
2001,Jul,70,67.2,2833819,2720682,113137,4
2001,Aug,70,67.1,2838385,2720246,118139,4.2
2001,Sep,70,67,2843778,2720608,123170,4.3
2001,Oct,70.1,66.9,2849473,2722035,127438,4.5
2001,Nov,70.1,66.9,2854957,2724486,130471,4.6
2001,Dec,70.2,66.9,2859975,2727823,132152,4.6
2002,Jan,70.2,66.9,2864368,2731672,132696,4.6
2002,Feb,70.2,66.9,2867713,2735296,132417,4.6
2002,Mar,70.2,66.9,2869786,2738180,131606,4.6
2002,Apr,70.1,66.9,2870846,2740445,130401,4.5
2002,May,70,66.9,2871170,2742372,128798,4.5
2002,Jun,70,66.9,2871039,2744140,126899,4.4
2002,Jul,69.9,66.8,2870717,2745583,125134,4.4
2002,Aug,69.8,66.8,2870484,2746687,123797,4.3
2002,Sep,69.7,66.7,2870452,2747334,123118,4.3
2002,Oct,69.6,66.6,2870541,2747136,123405,4.3
2002,Nov,69.5,66.5,2870874,2746409,124465,4.3
2002,Dec,69.5,66.4,2871516,2745672,125844,4.4
2003,Jan,69.5,66.4,2872843,2745486,127357,4.4
2003,Feb,69.5,66.4,2875336,2746548,128788,4.5
2003,Mar,69.5,66.4,2878943,2749121,129822,4.5
2003,Apr,69.5,66.4,2882676,2752409,130267,4.5
2003,May,69.5,66.4,2885496,2755322,130174,4.5
2003,Jun,69.5,66.4,2886894,2757340,129554,4.5
2003,Jul,69.4,66.3,2886767,2758316,128451,4.4
2003,Aug,69.3,66.3,2885537,2758321,127216,4.4
2003,Sep,69.2,66.2,2883901,2757747,126154,4.4
2003,Oct,69.1,66.1,2882647,2757235,125412,4.4
2003,Nov,69,66,2882180,2757137,125043,4.3
2003,Dec,68.9,66,2882415,2757498,124917,4.3
2004,Jan,68.9,65.9,2882808,2758113,124695,4.3
2004,Feb,68.8,65.9,2882912,2758714,124198,4.3
2004,Mar,68.8,65.8,2882968,2759339,123629,4.3
2004,Apr,68.7,65.8,2883319,2760251,123068,4.3
2004,May,68.7,65.7,2884234,2761741,122493,4.2
2004,Jun,68.6,65.7,2885801,2763821,121980,4.2
2004,Jul,68.6,65.7,2887986,2766377,121609,4.2
2004,Aug,68.6,65.7,2890465,2769080,121385,4.2
2004,Sep,68.6,65.7,2892914,2771484,121430,4.2
2004,Oct,68.6,65.7,2895250,2773278,121972,4.2
2004,Nov,68.6,65.7,2897572,2774573,122999,4.2
2004,Dec,68.6,65.6,2900380,2776010,124370,4.3
2005,Jan,68.6,65.6,2903886,2778211,125675,4.3
2005,Feb,68.6,65.7,2907876,2781449,126427,4.3
2005,Mar,68.7,65.7,2911986,2785767,126219,4.3
2005,Apr,68.7,65.8,2916192,2791125,125067,4.3
2005,May,68.8,65.9,2920572,2797210,123362,4.2
2005,Jun,68.8,65.9,2924870,2803241,121629,4.2
2005,Jul,68.8,66,2928758,2808488,120270,4.1
2005,Aug,68.8,66,2931920,2812727,119193,4.1
2005,Sep,68.9,66.1,2934284,2816234,118050,4
2005,Oct,68.8,66,2936040,2819665,116375,4
2005,Nov,68.7,66.1,2937660,2823477,114183,3.9
2005,Dec,68.7,66.1,2939622,2827630,111992,3.8
2006,Jan,68.7,66.2,2942501,2832115,110386,3.8
2006,Feb,68.8,66.2,2946596,2836642,109954,3.7
2006,Mar,68.9,66.3,2951704,2840644,111060,3.8
2006,Apr,69,66.3,2957212,2843732,113480,3.8
2006,May,69.1,66.3,2962281,2845977,116304,3.9
2006,Jun,69.1,66.3,2966266,2847728,118538,4
2006,Jul,69.1,66.4,2969179,2849655,119524,4
2006,Aug,69.1,66.4,2971488,2852232,119256,4
2006,Sep,69.1,66.4,2973411,2855356,118055,4
2006,Oct,69.1,66.4,2974895,2858743,116152,3.9
2006,Nov,69.1,66.4,2975713,2861848,113865,3.8
2006,Dec,69,66.5,2975332,2864018,111314,3.7
2007,Jan,69,66.4,2973568,2864870,108698,3.7
2007,Feb,68.9,66.4,2970937,2864666,106271,3.6
2007,Mar,68.8,66.4,2968053,2863964,104089,3.5
2007,Apr,68.7,66.3,2965743,2863381,102362,3.5
2007,May,68.6,66.3,2964741,2863307,101434,3.4
2007,Jun,68.6,66.2,2965230,2863969,101261,3.4
2007,Jul,68.6,66.2,2966862,2865296,101566,3.4
2007,Aug,68.6,66.2,2969124,2867129,101995,3.4
2007,Sep,68.6,66.2,2971577,2869542,102035,3.4
2007,Oct,68.6,66.3,2973802,2872323,101479,3.4
2007,Nov,68.6,66.3,2975689,2875324,100365,3.4
2007,Dec,68.6,66.3,2977656,2878453,99203,3.3
2008,Jan,68.6,66.3,2979991,2881089,98902,3.3
2008,Feb,68.7,66.3,2982769,2882735,100034,3.4
2008,Mar,68.7,66.3,2986217,2883236,102981,3.4
2008,Apr,68.8,66.3,2990264,2882606,107658,3.6
2008,May,68.8,66.2,2994717,2881167,113550,3.8
2008,Jun,68.9,66.1,2999538,2879383,120155,4
2008,Jul,69,66,3004426,2877410,127016,4.2
2008,Aug,69,65.9,3009085,2875001,134084,4.5
2008,Sep,69.1,65.8,3013634,2871664,141970,4.7
2008,Oct,69.1,65.6,3018207,2866984,151223,5
2008,Nov,69.1,65.4,3022477,2860729,161748,5.4
2008,Dec,69.2,65.2,3026042,2853106,172936,5.7
2009,Jan,69.2,65,3028765,2844852,183913,6.1
2009,Feb,69.2,64.7,3030766,2836954,193812,6.4
2009,Mar,69.2,64.6,3032199,2830424,201775,6.7
2009,Apr,69.1,64.4,3033061,2825729,207332,6.8
2009,May,69.1,64.3,3033247,2822386,210861,7
2009,Jun,69,64.2,3032958,2819760,213198,7
2009,Jul,69,64.1,3032522,2817284,215238,7.1
2009,Aug,68.9,63.9,3032228,2814713,217515,7.2
2009,Sep,68.8,63.8,3032186,2811931,220255,7.3
2009,Oct,68.7,63.7,3032767,2808995,223772,7.4
2009,Nov,68.7,63.6,3034991,2806870,228121,7.5
2009,Dec,68.8,63.5,3039460,2806783,232677,7.7
2010,Jan,68.9,63.5,3045709,2809483,236226,7.8
2010,Feb,69,63.6,3052675,2814636,238039,7.8
2010,Mar,69.1,63.7,3059579,2821365,238214,7.8
2010,Apr,68.3,63,3066143,2828799,237344,7.7
2010,May,68.3,63.1,3071885,2836057,235828,7.7
2010,Jun,68.4,63.2,3076363,2842041,234322,7.6
2010,Jul,68.4,63.2,3079776,2846212,233564,7.6
2010,Aug,68.4,63.2,3082617,2848902,233715,7.6
2010,Sep,68.4,63.2,3085181,2850945,234236,7.6
2010,Oct,68.3,63.1,3087456,2853374,234082,7.6
2010,Nov,68.3,63.2,3089014,2856294,232720,7.5
2010,Dec,68.3,63.2,3089859,2859358,230501,7.5
2011,Jan,68.2,63.2,3090479,2862249,228230,7.4
2011,Feb,68.2,63.2,3091021,2864605,226416,7.3
2011,Mar,68.1,63.2,3091247,2866135,225112,7.3
2011,Apr,68.1,63.1,3091373,2866735,224638,7.3
2011,May,68,63.1,3092081,2866875,225206,7.3
2011,Jun,68,63,3093578,2867381,226197,7.3
2011,Jul,68,63,3095695,2869031,226664,7.3
2011,Aug,68,63,3098139,2871972,226167,7.3
2011,Sep,68,63,3100657,2875949,224708,7.2
2011,Oct,67.9,63.1,3103191,2880494,222697,7.2
2011,Nov,67.9,63.1,3105475,2884942,220533,7.1
2011,Dec,67.9,63.1,3107187,2888674,218513,7
2012,Jan,67.9,63.1,3108528,2891475,217053,7
2012,Feb,67.9,63.1,3109961,2893448,216513,7
2012,Mar,67.8,63.1,3111600,2894610,216990,7
2012,Apr,67.8,63.1,3113159,2895270,217889,7
2012,May,67.8,63,3114818,2896228,218590,7
2012,Jun,67.8,63,3116856,2898073,218783,7
2012,Jul,67.8,63,3119340,2900954,218386,7
2012,Aug,67.8,63.1,3122375,2904721,217654,7
2012,Sep,67.8,63.1,3125936,2908979,216957,6.9
2012,Oct,67.8,63.1,3129327,2912948,216379,6.9
2012,Nov,67.8,63.2,3132092,2916116,215976,6.9
2012,Dec,67.8,63.2,3133899,2918293,215606,6.9
2013,Jan,67.8,63.2,3134588,2919421,215167,6.9
2013,Feb,67.8,63.1,3134392,2919922,214470,6.8
2013,Mar,67.7,63.1,3133730,2920462,213268,6.8
2013,Apr,67.7,63.1,3132990,2921598,211392,6.7
2013,May,67.6,63.1,3132238,2922988,209250,6.7
2013,Jun,67.5,63.1,3131551,2924211,207340,6.6
2013,Jul,67.5,63,3130720,2925103,205617,6.6
2013,Aug,67.4,63,3129141,2925572,203569,6.5
2013,Sep,67.3,63,3126736,2925718,201018,6.4
2013,Oct,67.2,62.9,3124293,2925915,198378,6.3
2013,Nov,67.1,62.9,3122467,2926606,195861,6.3
2013,Dec,67.1,62.9,3121406,2927943,193463,6.2
2014,Jan,66.9,62.8,3115253,2924909,190344,6.1
2014,Feb,66.9,62.9,3115406,2927511,187895,6
2014,Mar,66.9,62.9,3116395,2930290,186105,6
2014,Apr,66.9,62.9,3117945,2932833,185112,5.9
2014,May,66.9,62.9,3119672,2935393,184279,5.9
2014,Jun,66.9,63,3121560,2938490,183070,5.9
2014,Jul,66.9,63,3123563,2942049,181514,5.8
2014,Aug,66.9,63.1,3125809,2945982,179827,5.8
2014,Sep,66.9,63.1,3128126,2950057,178069,5.7
2014,Oct,66.9,63.1,3129996,2953855,176141,5.6
2014,Nov,66.9,63.2,3131085,2957030,174055,5.6
2014,Dec,66.9,63.2,3131935,2959765,172170,5.5
2015,Jan,66.9,63.2,3132769,2962280,170489,5.4
2015,Feb,66.9,63.3,3134866,2965800,169066,5.4
2015,Mar,66.9,63.3,3137340,2969972,167368,5.3
2015,Apr,66.9,63.4,3139824,2974548,165276,5.3
2015,May,67,63.5,3141809,2978836,162973,5.2
2015,Jun,66.9,63.5,3142875,2982227,160648,5.1
2015,Jul,66.9,63.5,3143255,2984790,158465,5
2015,Aug,66.9,63.6,3143328,2986966,156362,5
2015,Sep,66.9,63.6,3143475,2989353,154122,4.9
2015,Oct,66.9,63.6,3144384,2992627,151757,4.8
2015,Nov,66.9,63.7,3146374,2996933,149441,4.7
2015,Dec,66.9,63.8,3148903,3001702,147201,4.7
2016,Jan,67,63.9,3151182,3006161,145021,4.6
2016,Feb,67,64,3152907,3009793,143114,4.5
2016,Mar,67,64,3154121,3012566,141555,4.5
2016,Apr,67,64,3155461,3014940,140521,4.5
2016,May,67.1,64.1,3157689,3017580,140109,4.4
2016,Jun,67.1,64.1,3161020,3020855,140165,4.4
2016,Jul,67.2,64.2,3165311,3024916,140395,4.4
2016,Aug,67.3,64.3,3170346,3029620,140726,4.4
2016,Sep,67.3,64.3,3175756,3034632,141124,4.4
2016,Oct,67.4,64.4,3180773,3039575,141198,4.4
2016,Nov,67.5,64.5,3185102,3044368,140734,4.4
2016,Dec,67.5,64.6,3188861,3049016,139845,4.4
2017,Jan,67.6,64.6,3192342,3053498,138844,4.3
2017,Feb,67.6,64.7,3195617,3057764,137853,4.3
2017,Mar,67.7,64.8,3198457,3061471,136986,4.3
2017,Apr,67.7,64.8,3200983,3064767,136216,4.3
2017,May,67.7,64.9,3203310,3067910,135400,4.2
2017,Jun,67.7,64.9,3205514,3070819,134695,4.2
2017,Jul,67.8,64.9,3207616,3073260,134356,4.2
2017,Aug,67.8,64.9,3209188,3074875,134313,4.2
2017,Sep,67.8,64.9,3210100,3075642,134458,4.2
2017,Oct,67.7,64.9,3210572,3075870,134702,4.2
2017,Nov,67.7,64.9,3210715,3075849,134866,4.2
2017,Dec,67.7,64.9,3210795,3076150,134645,4.2
2018,Jan,67.7,64.9,3211332,3077302,134030,4.2
2018,Feb,67.7,64.9,3212769,3079632,133137,4.1
2018,Mar,67.8,65,3215039,3082972,132067,4.1
2018,Apr,67.8,65,3217255,3086407,130848,4.1
2018,May,67.8,65.1,3218813,3089248,129565,4
2018,Jun,67.8,65.1,3219749,3091687,128062,4
2018,Jul,67.8,65.2,3220397,3094189,126208,3.9
2018,Aug,67.8,65.2,3221740,3097316,124424,3.9
2018,Sep,67.9,65.3,3224397,3101348,123049,3.8
2018,Oct,67.9,65.3,3228414,3106182,122232,3.8
2018,Nov,68,65.4,3233406,3111513,121893,3.8
2018,Dec,68.1,65.5,3238549,3116742,121807,3.8
2019,Jan,68.2,65.6,3242979,3121324,121655,3.8
2019,Feb,68.2,65.7,3246181,3124998,121183,3.7
2019,Mar,68.3,65.8,3248606,3128100,120506,3.7
2019,Apr,68.3,65.8,3251116,3131352,119764,3.7
2019,May,68.4,65.9,3254239,3135190,119049,3.7
2019,Jun,68.5,66,3258184,3139739,118445,3.6
2019,Jul,68.5,66.1,3263140,3145585,117555,3.6
2019,Aug,68.6,66.2,3267477,3151418,116059,3.6
2019,Sep,68.7,66.3,3271010,3156844,114166,3.5
2019,Oct,68.7,66.3,3273101,3160658,112443,3.4
2019,Nov,68.7,66.3,3272834,3160936,111898,3.4
2019,Dec,68.6,66.3,3272378,3160365,112013,3.4
2020,Jan,68.7,66.4,3276524,3167463,109061,3.3
2020,Feb,68.8,66.5,3280277,3172883,107394,3.3
2020,Mar,68.9,66.6,3284708,3175393,109315,3.3
2020,Apr,65.2,58.6,3112390,2796592,315798,10.1
2020,May,65.3,58.8,3115059,2804911,310148,10
2020,Jun,67.4,61.8,3215066,2949800,265266,8.3
2020,Jul,67.9,62.6,3240889,2988683,252206,7.8
2020,Aug,67.9,63.1,3243971,3015673,228298,7
2020,Sep,64.2,59.6,3067839,2848464,219375,7.2
