Year,Period,labor force participation rate,employment-population ratio,labor force,employment,unemployment,unemployment rate
1976,Jan,64.7,58.1,2715161,2435124,280037,10.3
1976,Feb,64.7,58,2714974,2434220,280754,10.3
1976,Mar,64.6,58,2715650,2435324,280326,10.3
1976,Apr,64.6,58.1,2717527,2441683,275844,10.2
1976,May,64.6,58.2,2719627,2450016,269611,9.9
1976,Jun,64.7,58.4,2721925,2459155,262770,9.7
1976,Jul,64.6,58.6,2723542,2467055,256487,9.4
1976,Aug,64.6,58.7,2724895,2473326,251569,9.2
1976,Sep,64.6,58.7,2726270,2478825,247445,9.1
1976,Oct,64.6,58.8,2727715,2483762,243953,8.9
1976,Nov,64.6,58.9,2729521,2488634,240887,8.8
1976,Dec,64.6,59,2732178,2494193,237985,8.7
1977,Jan,64.6,59.1,2736372,2501143,235229,8.6
1977,Feb,64.7,59.2,2741918,2509691,232227,8.5
1977,Mar,64.8,59.4,2748044,2519277,228767,8.3
1977,Apr,64.9,59.6,2754308,2529103,225205,8.2
1977,May,65,59.7,2759927,2538267,221660,8
1977,Jun,65,59.9,2764312,2546166,218146,7.9
1977,Jul,65,60,2767582,2553077,214505,7.8
1977,Aug,65,60.1,2770477,2560004,210473,7.6
1977,Sep,65.1,60.2,2773738,2567798,205940,7.4
1977,Oct,65.1,60.4,2777470,2576525,200945,7.2
1977,Nov,65.1,60.6,2781371,2585669,195702,7
1977,Dec,65.2,60.7,2785021,2594434,190587,6.8
1978,Jan,65.2,60.9,2788534,2602710,185824,6.7
1978,Feb,65.2,61,2792371,2610452,181919,6.5
1978,Mar,65.3,61.1,2796729,2617592,179137,6.4
1978,Apr,65.3,61.2,2801362,2624190,177172,6.3
1978,May,65.4,61.3,2806240,2630614,175626,6.3
1978,Jun,65.5,61.4,2811159,2637168,173991,6.2
1978,Jul,65.5,61.5,2815937,2643536,172401,6.1
1978,Aug,65.5,61.6,2820487,2649325,171162,6.1
1978,Sep,65.6,61.7,2824969,2654730,170239,6
1978,Oct,65.7,61.7,2830160,2660490,169670,6
1978,Nov,65.8,61.8,2836186,2666707,169479,6
1978,Dec,65.8,61.9,2841893,2672539,169354,6
1979,Jan,65.9,62,2846200,2677304,168896,5.9
1979,Feb,65.9,62,2848588,2681244,167344,5.9
1979,Mar,65.8,62,2849066,2684716,164350,5.8
1979,Apr,65.8,62.1,2848602,2688045,160557,5.6
1979,May,65.7,62.1,2848475,2691596,156879,5.5
1979,Jun,65.7,62.1,2849080,2694969,154111,5.4
1979,Jul,65.7,62.1,2850741,2698301,152440,5.3
1979,Aug,65.7,62.2,2853371,2701559,151812,5.3
1979,Sep,65.7,62.2,2856326,2704332,151994,5.3
1979,Oct,65.7,62.2,2858732,2706446,152286,5.3
1979,Nov,65.7,62.2,2860145,2707986,152159,5.3
1979,Dec,65.7,62.2,2860694,2708829,151865,5.3
1980,Jan,65.6,62.2,2860287,2708207,152080,5.3
1980,Feb,65.6,62.1,2859235,2705679,153556,5.4
1980,Mar,65.5,61.9,2858359,2701843,156516,5.5
1980,Apr,65.5,61.8,2857966,2697887,160079,5.6
1980,May,65.4,61.7,2858502,2695062,163440,5.7
1980,Jun,65.4,61.6,2860928,2694852,166076,5.8
1980,Jul,65.5,61.6,2864854,2697568,167286,5.8
1980,Aug,65.5,61.7,2869537,2702628,166909,5.8
1980,Sep,65.6,61.8,2874639,2709016,165623,5.8
1980,Oct,65.6,61.9,2879871,2715390,164481,5.7
1980,Nov,65.7,62,2885769,2721564,164205,5.7
1980,Dec,65.8,62.1,2893417,2728419,164998,5.7
1981,Jan,66,62.2,2902770,2736104,166666,5.7
1981,Feb,66.2,62.3,2912857,2743730,169127,5.8
1981,Mar,66.3,62.4,2922971,2750614,172357,5.9
1981,Apr,66.5,62.5,2932106,2755749,176357,6
1981,May,66.6,62.5,2939240,2758330,180910,6.2
1981,Jun,66.6,62.4,2944417,2758620,185797,6.3
1981,Jul,66.7,62.4,2948245,2757117,191128,6.5
1981,Aug,66.7,62.3,2951512,2754619,196893,6.7
1981,Sep,66.8,62.2,2954963,2752172,202791,6.9
1981,Oct,66.8,62.1,2959062,2750491,208571,7
1981,Nov,66.9,62.1,2963182,2749245,213937,7.2
1981,Dec,67,62,2967253,2748489,218764,7.4
1982,Jan,67,62,2971809,2748885,222924,7.5
1982,Feb,67.1,62,2976886,2750485,226401,7.6
1982,Mar,67.2,62.1,2981766,2752584,229182,7.7
1982,Apr,67.3,62.1,2986216,2754878,231338,7.7
1982,May,67.3,62.1,2989876,2757151,232725,7.8
1982,Jun,67.4,62.1,2992029,2758733,233296,7.8
1982,Jul,67.4,62.1,2992893,2759529,233364,7.8
1982,Aug,67.3,62.1,2992836,2759797,233039,7.8
1982,Sep,67.3,62,2991885,2759600,232285,7.8
1982,Oct,67.2,62,2990275,2759041,231234,7.7
1982,Nov,67.1,61.9,2988264,2758373,229891,7.7
1982,Dec,67,61.9,2985076,2757157,227919,7.6
1983,Jan,66.9,61.8,2980912,2755581,225331,7.6
1983,Feb,66.8,61.8,2977257,2755279,221978,7.5
1983,Mar,66.7,61.8,2975305,2757568,217737,7.3
1983,Apr,66.7,61.9,2976282,2763236,213046,7.2
1983,May,66.7,62.1,2980657,2772163,208494,7
1983,Jun,66.8,62.3,2987874,2783585,204289,6.8
1983,Jul,67,62.5,2996797,2796519,200278,6.7
1983,Aug,67.2,62.8,3005808,2809374,196434,6.5
1983,Sep,67.3,63,3013543,2820908,192635,6.4
1983,Oct,67.3,63.1,3019157,2830725,188432,6.2
1983,Nov,67.4,63.3,3022719,2838914,183805,6.1
1983,Dec,67.4,63.4,3025251,2846466,178785,5.9
1984,Jan,67.4,63.5,3027792,2854744,173048,5.7
1984,Feb,67.4,63.7,3030734,2864145,166589,5.5
1984,Mar,67.4,63.9,3034187,2874179,160008,5.3
1984,Apr,67.4,64,3037500,2883837,153663,5.1
1984,May,67.4,64.2,3040175,2892256,147919,4.9
1984,Jun,67.4,64.3,3041740,2898730,143010,4.7
1984,Jul,67.4,64.3,3041800,2902853,138947,4.6
1984,Aug,67.3,64.3,3040770,2905144,135626,4.5
1984,Sep,67.3,64.3,3039445,2906549,132896,4.4
1984,Oct,67.2,64.3,3038871,2908351,130520,4.3
1984,Nov,67.2,64.4,3039946,2911813,128133,4.2
1984,Dec,67.3,64.5,3042721,2916951,125770,4.1
1985,Jan,67.3,64.6,3046152,2922301,123851,4.1
1985,Feb,67.4,64.7,3049047,2926412,122635,4
1985,Mar,67.4,64.7,3050746,2928763,121983,4
1985,Apr,67.4,64.7,3051132,2929535,121597,4
1985,May,67.3,64.7,3050588,2929268,121320,4
1985,Jun,67.3,64.6,3049883,2928817,121066,4
1985,Jul,67.3,64.6,3049657,2928848,120809,4
1985,Aug,67.3,64.6,3050590,2930200,120390,3.9
1985,Sep,67.3,64.6,3052701,2932914,119787,3.9
1985,Oct,67.3,64.7,3055180,2936024,119156,3.9
1985,Nov,67.3,64.7,3056986,2938430,118556,3.9
1985,Dec,67.3,64.7,3057632,2939468,118164,3.9
1986,Jan,67.2,64.6,3057504,2939318,118186,3.9
1986,Feb,67.2,64.6,3057365,2938739,118626,3.9
1986,Mar,67.1,64.5,3057678,2938338,119340,3.9
1986,Apr,67.1,64.5,3058795,2938532,120263,3.9
1986,May,67.1,64.5,3060840,2939658,121182,4
1986,Jun,67.2,64.5,3063832,2941973,121859,4
1986,Jul,67.2,64.5,3067367,2945347,122020,4
1986,Aug,67.2,64.6,3070548,2949087,121461,4
1986,Sep,67.3,64.6,3073020,2952811,120209,3.9
1986,Oct,67.3,64.7,3075023,2956547,118476,3.9
1986,Nov,67.3,64.7,3076627,2960006,116621,3.8
1986,Dec,67.3,64.8,3078412,2963616,114796,3.7
1987,Jan,67.3,64.8,3080517,2967597,112920,3.7
1987,Feb,67.3,64.9,3082625,2971673,110952,3.6
1987,Mar,67.4,65,3084653,2975903,108750,3.5
1987,Apr,67.4,65,3086410,2980370,106040,3.4
1987,May,67.4,65.1,3087890,2985087,102803,3.3
1987,Jun,67.4,65.2,3089409,2990072,99337,3.2
1987,Jul,67.4,65.3,3091639,2995492,96147,3.1
1987,Aug,67.4,65.4,3095139,3001302,93837,3
1987,Sep,67.5,65.5,3100179,3007417,92762,3
1987,Oct,67.6,65.6,3106271,3013346,92925,3
1987,Nov,67.7,65.7,3112936,3018929,94007,3
1987,Dec,67.8,65.7,3119105,3023595,95510,3.1
1988,Jan,67.9,65.8,3124068,3027096,96972,3.1
1988,Feb,67.9,65.8,3127986,3029828,98158,3.1
1988,Mar,68,65.8,3130894,3031884,99010,3.2
1988,Apr,68,65.8,3133219,3033574,99645,3.2
1988,May,68,65.8,3135481,3035301,100180,3.2
1988,Jun,68,65.8,3138041,3037261,100780,3.2
1988,Jul,68.1,65.9,3141178,3039485,101693,3.2
1988,Aug,68.1,65.9,3145041,3041985,103056,3.3
1988,Sep,68.2,66,3149355,3044637,104718,3.3
1988,Oct,68.3,66,3153665,3047280,106385,3.4
1988,Nov,68.4,66.1,3157723,3049682,108041,3.4
1988,Dec,68.5,66.1,3161312,3051534,109778,3.5
1989,Jan,68.5,66.1,3164383,3052664,111719,3.5
1989,Feb,68.6,66.1,3166818,3052799,114019,3.6
1989,Mar,68.6,66.1,3169212,3052392,116820,3.7
1989,Apr,68.7,66.1,3171743,3051541,120202,3.8
1989,May,68.7,66,3174207,3050054,124153,3.9
1989,Jun,68.8,66,3176582,3047981,128601,4
1989,Jul,68.8,65.9,3178348,3045125,133223,4.2
1989,Aug,68.8,65.9,3179368,3041667,137701,4.3
1989,Sep,68.9,65.8,3180320,3038252,142068,4.5
1989,Oct,68.9,65.7,3182335,3035814,146521,4.6
1989,Nov,69,65.7,3185799,3034507,151292,4.7
1989,Dec,69.1,65.7,3190800,3034102,156698,4.9
1990,Jan,68,64.6,3196828,3034108,162720,5.1
1990,Feb,68.1,64.5,3202665,3033607,169058,5.3
1990,Mar,68.1,64.4,3207107,3031505,175602,5.5
1990,Apr,68.1,64.3,3209594,3027271,182323,5.7
1990,May,68.1,64,3210320,3021203,189117,5.9
1990,Jun,68,63.8,3209543,3013562,195981,6.1
1990,Jul,67.9,63.6,3208304,3005074,203230,6.3
1990,Aug,68,63.5,3207223,2996080,211143,6.6
1990,Sep,68,63.3,3205957,2986249,219708,6.9
1990,Oct,67.9,63.1,3204235,2975395,228840,7.1
1990,Nov,67.9,62.9,3202367,2964342,238025,7.4
1990,Dec,67.9,62.7,3200585,2953849,246736,7.7
1991,Jan,67.9,62.5,3199020,2944138,254882,8
1991,Feb,68,62.4,3198266,2935928,262338,8.2
1991,Mar,68,62.3,3198048,2929264,268784,8.4
1991,Apr,68.1,62.2,3198131,2924077,274054,8.6
1991,May,68.1,62.2,3198490,2920324,278166,8.7
1991,Jun,68.1,62.2,3198792,2917711,281081,8.8
1991,Jul,68.2,62.2,3198378,2915676,282702,8.8
1991,Aug,68.2,62.1,3196914,2913865,283049,8.9
1991,Sep,68.1,62.1,3194515,2912210,282305,8.8
1991,Oct,68,62,3191275,2910521,280754,8.8
1991,Nov,68,62,3187489,2908712,278777,8.7
1991,Dec,67.9,62,3183549,2906892,276657,8.7
1992,Jan,67.8,62,3180284,2905549,274735,8.6
1992,Feb,67.8,62,3178323,2904821,273502,8.6
1992,Mar,67.8,62,3178222,2905170,273052,8.6
1992,Apr,67.9,62,3179921,2906657,273264,8.6
1992,May,67.9,62.1,3182119,2908477,273642,8.6
1992,Jun,68,62.1,3183687,2910172,273515,8.6
1992,Jul,68,62.2,3184330,2911804,272526,8.6
1992,Aug,68,62.2,3183881,2913452,270429,8.5
1992,Sep,67.9,62.2,3182361,2915147,267214,8.4
1992,Oct,67.8,62.2,3180364,2917253,263111,8.3
1992,Nov,67.8,62.3,3178196,2919733,258463,8.1
1992,Dec,67.7,62.3,3176262,2922774,253488,8
1993,Jan,67.7,62.4,3174904,2926740,248164,7.8
1993,Feb,67.7,62.5,3173949,2931505,242444,7.6
1993,Mar,67.7,62.6,3173398,2936862,236536,7.5
1993,Apr,67.7,62.7,3173055,2942451,230604,7.3
1993,May,67.7,62.9,3172812,2947748,225064,7.1
1993,Jun,67.6,62.9,3172737,2952391,220346,6.9
1993,Jul,67.6,63,3172466,2956145,216321,6.8
1993,Aug,67.6,63.1,3172387,2959417,212970,6.7
1993,Sep,67.6,63.1,3173492,2963148,210344,6.6
1993,Oct,67.6,63.1,3175986,2967624,208362,6.6
1993,Nov,67.6,63.2,3179520,2972495,207025,6.5
1993,Dec,67.7,63.3,3183527,2977514,206013,6.5
1994,Jan,67.7,63.4,3187092,2982298,204794,6.4
1994,Feb,67.8,63.5,3189369,2986360,203009,6.4
1994,Mar,67.8,63.5,3190196,2989483,200713,6.3
1994,Apr,67.8,63.6,3190265,2992191,198074,6.2
1994,May,67.8,63.6,3190923,2995577,195346,6.1
1994,Jun,67.8,63.7,3193210,3000287,192923,6
1994,Jul,67.9,63.8,3197602,3006463,191139,6
1994,Aug,67.9,63.9,3203481,3013604,189877,5.9
1994,Sep,68,64,3209560,3020877,188683,5.9
1994,Oct,68.1,64.1,3214574,3027616,186958,5.8
1994,Nov,68.1,64.2,3218021,3033524,184497,5.7
1994,Dec,68.1,64.2,3219418,3037759,181659,5.6
1995,Jan,68,64.2,3218615,3039715,178900,5.6
1995,Feb,68,64.2,3216660,3040132,176528,5.5
1995,Mar,67.9,64.2,3214614,3039883,174731,5.4
1995,Apr,67.8,64.1,3213019,3039510,173509,5.4
1995,May,67.7,64.1,3212440,3039754,172686,5.4
1995,Jun,67.7,64.1,3212984,3041126,171858,5.3
1995,Jul,67.7,64.1,3214255,3043557,170698,5.3
1995,Aug,67.7,64.1,3215482,3046416,169066,5.3
1995,Sep,67.6,64.1,3216059,3049070,166989,5.2
1995,Oct,67.6,64.1,3215872,3051280,164592,5.1
1995,Nov,67.5,64.1,3215081,3053214,161867,5
1995,Dec,67.5,64.1,3214374,3055388,158986,4.9
1996,Jan,67.5,64.2,3214839,3058598,156241,4.9
1996,Feb,67.5,64.3,3217073,3063327,153746,4.8
1996,Mar,67.5,64.4,3221153,3069803,151350,4.7
1996,Apr,67.6,64.5,3226712,3077835,148877,4.6
1996,May,67.7,64.6,3233028,3086822,146206,4.5
1996,Jun,67.8,64.8,3239408,3095995,143413,4.4
1996,Jul,67.9,64.9,3245447,3104681,140766,4.3
1996,Aug,67.9,65,3251086,3112498,138588,4.3
1996,Sep,68,65.1,3256128,3119015,137113,4.2
1996,Oct,68,65.2,3260753,3124281,136472,4.2
1996,Nov,68.1,65.2,3265546,3129085,136461,4.2
1996,Dec,68.1,65.3,3271046,3134469,136577,4.2
1997,Jan,68.2,65.4,3277409,3140894,136515,4.2
1997,Feb,68.3,65.5,3284313,3148203,136110,4.1
1997,Mar,68.5,65.6,3291413,3156131,135282,4.1
1997,Apr,68.6,65.8,3298297,3164031,134266,4.1
1997,May,68.6,65.9,3303928,3170810,133118,4
1997,Jun,68.7,65.9,3307949,3176212,131737,4
1997,Jul,68.7,66,3310952,3180910,130042,3.9
1997,Aug,68.7,66,3313558,3185527,128031,3.9
1997,Sep,68.7,66.1,3316163,3190502,125661,3.8
1997,Oct,68.7,66.1,3318965,3195717,123248,3.7
1997,Nov,68.7,66.2,3321652,3200702,120950,3.6
1997,Dec,68.7,66.3,3324248,3205447,118801,3.6
1998,Jan,68.7,66.3,3326736,3209892,116844,3.5
1998,Feb,68.8,66.4,3329048,3213970,115078,3.5
1998,Mar,68.8,66.4,3330859,3217489,113370,3.4
1998,Apr,68.8,66.5,3332478,3220882,111596,3.3
1998,May,68.8,66.5,3334709,3224713,109996,3.3
1998,Jun,68.8,66.5,3337650,3228830,108820,3.3
1998,Jul,68.8,66.6,3341029,3232903,108126,3.2
1998,Aug,68.9,66.6,3344935,3237092,107843,3.2
1998,Sep,68.9,66.7,3349283,3241375,107908,3.2
1998,Oct,68.9,66.7,3353406,3245505,107901,3.2
1998,Nov,68.9,66.7,3356420,3248728,107692,3.2
1998,Dec,68.9,66.7,3357853,3250390,107463,3.2
1999,Jan,68.9,66.7,3357905,3250746,107159,3.2
1999,Feb,68.8,66.6,3357459,3250445,107014,3.2
1999,Mar,68.8,66.6,3357348,3250088,107260,3.2
1999,Apr,68.7,66.5,3357595,3249807,107788,3.2
1999,May,68.7,66.5,3357631,3249324,108307,3.2
1999,Jun,68.6,66.4,3357233,3248597,108636,3.2
1999,Jul,68.6,66.3,3356141,3247464,108677,3.2
1999,Aug,68.5,66.3,3354216,3245961,108255,3.2
1999,Sep,68.4,66.2,3351931,3244601,107330,3.2
1999,Oct,68.3,66.1,3349733,3243752,105981,3.2
1999,Nov,68.2,66.1,3348035,3243918,104117,3.1
1999,Dec,68.1,66.1,3346383,3244732,101651,3
2000,Jan,68,66,3343974,3245237,98737,3
2000,Feb,67.9,66,3340208,3244651,95557,2.9
2000,Mar,67.8,65.9,3335178,3242685,92493,2.8
2000,Apr,67.7,65.9,3329579,3239643,89936,2.7
2000,May,67.6,65.8,3324450,3236434,88016,2.6
2000,Jun,67.4,65.7,3320616,3233865,86751,2.6
2000,Jul,67.3,65.6,3318704,3232657,86047,2.6
2000,Aug,67.3,65.6,3319366,3233471,85895,2.6
2000,Sep,67.3,65.5,3322691,3236314,86377,2.6
2000,Oct,67.4,65.6,3328722,3240986,87736,2.6
2000,Nov,67.5,65.6,3337015,3246644,90371,2.7
2000,Dec,67.6,65.7,3346514,3252186,94328,2.8
2001,Jan,67.8,65.8,3355867,3256646,99221,3
2001,Feb,67.9,65.8,3363947,3259517,104430,3.1
2001,Mar,68,65.7,3370114,3260732,109382,3.2
2001,Apr,68,65.7,3374246,3260409,113837,3.4
2001,May,68,65.6,3377108,3259205,117903,3.5
2001,Jun,68,65.5,3379462,3257530,121932,3.6
2001,Jul,68,65.4,3382215,3255845,126370,3.7
2001,Aug,68,65.4,3385355,3253796,131559,3.9
2001,Sep,68,65.3,3388852,3251382,137470,4.1
2001,Oct,68.1,65.2,3392777,3249044,143733,4.2
2001,Nov,68.1,65.1,3397030,3247021,150009,4.4
2001,Dec,68.2,65,3402012,3245942,156070,4.6
2002,Jan,68.3,65,3407838,3246110,161728,4.7
2002,Feb,68.4,65,3414034,3247161,166873,4.9
2002,Mar,68.4,65,3419972,3248504,171468,5
2002,Apr,68.5,65,3425697,3250147,175550,5.1
2002,May,68.6,65,3431211,3252000,179211,5.2
2002,Jun,68.7,65,3436297,3253910,182387,5.3
2002,Jul,68.7,65,3440226,3255164,185062,5.4
2002,Aug,68.7,65,3442553,3255316,187237,5.4
2002,Sep,68.7,64.9,3442962,3254048,188914,5.5
2002,Oct,68.6,64.8,3441030,3250955,190075,5.5
2002,Nov,68.5,64.7,3437467,3246782,190685,5.5
2002,Dec,68.4,64.6,3433244,3242328,190916,5.6
2003,Jan,68.3,64.5,3429756,3238418,191338,5.6
2003,Feb,68.3,64.4,3427888,3235629,192259,5.6
2003,Mar,68.2,64.4,3427308,3233586,193722,5.7
2003,Apr,68.2,64.3,3426893,3231324,195569,5.7
2003,May,68.2,64.2,3425589,3228105,197484,5.8
2003,Jun,68.1,64.1,3423464,3224416,199048,5.8
2003,Jul,68,64,3420932,3221182,199750,5.8
2003,Aug,67.9,64,3418611,3219215,199396,5.8
2003,Sep,67.9,64,3417109,3219119,197990,5.8
2003,Oct,67.9,64,3416646,3220795,195851,5.7
2003,Nov,67.8,64,3416608,3223359,193249,5.7
2003,Dec,67.8,64,3415940,3225628,190312,5.6
2004,Jan,67.8,64.1,3413878,3226627,187251,5.5
2004,Feb,67.7,64,3410511,3226114,184397,5.4
2004,Mar,67.6,64,3406829,3224744,182085,5.3
2004,Apr,67.5,64,3403225,3223084,180141,5.3
2004,May,67.4,63.9,3399734,3221451,178283,5.2
2004,Jun,67.4,63.9,3396303,3220075,176228,5.2
2004,Jul,67.3,63.8,3392919,3219089,173830,5.1
2004,Aug,67.2,63.8,3389403,3218349,171054,5
2004,Sep,67.1,63.7,3385666,3217418,168248,5
2004,Oct,67,63.7,3382134,3216144,165990,4.9
2004,Nov,66.9,63.6,3379344,3214697,164647,4.9
2004,Dec,66.9,63.6,3377964,3213624,164340,4.9
2005,Jan,66.8,63.6,3377919,3213387,164532,4.9
2005,Feb,66.8,63.6,3378521,3213901,164620,4.9
2005,Mar,66.8,63.6,3379303,3215264,164039,4.9
2005,Apr,66.8,63.6,3380316,3217477,162839,4.8
2005,May,66.9,63.7,3381815,3220299,161516,4.8
2005,Jun,66.9,63.7,3383599,3222863,160736,4.8
2005,Jul,66.9,63.7,3385328,3224220,161108,4.8
2005,Aug,66.9,63.7,3386638,3224228,162410,4.8
2005,Sep,66.9,63.6,3387457,3223430,164027,4.8
2005,Oct,66.8,63.5,3388048,3222749,165299,4.9
2005,Nov,66.7,63.5,3388752,3222650,166102,4.9
2005,Dec,66.7,63.5,3389812,3223202,166610,4.9
2006,Jan,66.7,63.5,3391733,3224753,166980,4.9
2006,Feb,66.8,63.5,3394702,3227416,167286,4.9
2006,Mar,66.8,63.5,3398484,3230833,167651,4.9
2006,Apr,66.9,63.6,3402686,3234583,168103,4.9
2006,May,67,63.7,3406936,3238660,168276,4.9
2006,Jun,67,63.7,3410957,3242929,168028,4.9
2006,Jul,67.1,63.8,3415108,3247666,167442,4.9
2006,Aug,67.1,63.8,3419738,3252707,167031,4.9
2006,Sep,67.2,63.9,3424407,3257339,167068,4.9
2006,Oct,67.2,63.9,3428381,3261298,167083,4.9
2006,Nov,67.2,63.9,3431077,3264459,166618,4.9
2006,Dec,67.2,63.9,3432012,3266563,165449,4.8
2007,Jan,67.1,63.9,3431219,3267389,163830,4.8
2007,Feb,67,63.8,3429482,3267316,162166,4.7
2007,Mar,66.9,63.8,3427299,3266664,160635,4.7
2007,Apr,66.8,63.7,3425258,3265992,159266,4.6
2007,May,66.8,63.7,3423783,3265657,158126,4.6
2007,Jun,66.7,63.6,3423049,3265932,157117,4.6
2007,Jul,66.7,63.6,3423004,3266870,156134,4.6
2007,Aug,66.6,63.6,3423607,3268311,155296,4.5
2007,Sep,66.6,63.6,3424863,3270198,154665,4.5
2007,Oct,66.5,63.5,3426473,3271886,154587,4.5
2007,Nov,66.5,63.5,3428133,3272996,155137,4.5
2007,Dec,66.5,63.5,3429832,3273503,156329,4.6
2008,Jan,66.5,63.4,3431513,3273060,158453,4.6
2008,Feb,66.5,63.3,3433405,3271806,161599,4.7
2008,Mar,66.5,63.3,3436094,3270171,165923,4.8
2008,Apr,66.5,63.2,3439829,3268385,171444,5
2008,May,66.5,63.1,3444640,3266701,177939,5.2
2008,Jun,66.6,63,3450325,3265286,185039,5.4
2008,Jul,66.7,62.9,3456222,3263899,192323,5.6
2008,Aug,66.7,62.8,3461656,3261996,199660,5.8
2008,Sep,66.7,62.7,3466081,3258630,207451,6
2008,Oct,66.7,62.5,3469120,3253005,216115,6.2
2008,Nov,66.7,62.3,3470534,3244976,225558,6.5
2008,Dec,66.6,62.1,3470510,3235212,235298,6.8
2009,Jan,66.5,61.8,3469508,3224796,244712,7.1
2009,Feb,66.5,61.6,3468584,3215090,253494,7.3
2009,Mar,66.4,61.4,3468927,3207470,261457,7.5
2009,Apr,66.4,61.3,3470884,3202196,268688,7.7
2009,May,66.4,61.1,3473546,3197925,275621,7.9
2009,Jun,66.4,61,3475807,3193419,282388,8.1
2009,Jul,66.3,60.8,3476387,3187670,288717,8.3
2009,Aug,66.3,60.7,3474827,3180685,294142,8.5
2009,Sep,66.2,60.5,3472149,3173883,298266,8.6
2009,Oct,66,60.3,3469626,3168619,301007,8.7
2009,Nov,66,60.2,3469028,3166235,302793,8.7
2009,Dec,66,60.2,3471474,3167437,304037,8.8
2010,Jan,66.1,60.3,3476509,3171979,304530,8.8
2010,Feb,66.1,60.3,3482040,3178085,303955,8.7
2010,Mar,66.2,60.4,3485942,3183829,302113,8.7
2010,Apr,66.8,61,3487331,3188377,298954,8.6
2010,May,66.6,61,3486138,3191639,294499,8.4
2010,Jun,66.5,61,3482961,3193402,289559,8.3
2010,Jul,66.4,60.9,3479296,3194060,285236,8.2
2010,Aug,66.2,60.9,3476501,3194536,281965,8.1
2010,Sep,66.1,60.8,3474837,3195212,279625,8
2010,Oct,66.1,60.8,3474546,3196849,277697,8
2010,Nov,66,60.8,3474959,3199393,275566,7.9
2010,Dec,66,60.8,3474994,3202241,272753,7.8
2011,Jan,65.9,60.8,3474410,3205064,269346,7.8
2011,Feb,65.8,60.8,3472847,3207200,265647,7.6
2011,Mar,65.7,60.8,3470079,3208279,261800,7.5
2011,Apr,65.6,60.7,3466650,3208436,258214,7.4
2011,May,65.5,60.7,3463870,3208618,255252,7.4
2011,Jun,65.4,60.7,3462711,3210071,252640,7.3
2011,Jul,65.4,60.7,3463633,3213681,249952,7.2
2011,Aug,65.4,60.7,3466253,3219111,247142,7.1
2011,Sep,65.4,60.8,3469527,3225301,244226,7
2011,Oct,65.4,60.8,3472273,3230979,241294,6.9
2011,Nov,65.3,60.9,3473592,3235153,238439,6.9
2011,Dec,65.3,60.8,3473394,3237614,235780,6.8
2012,Jan,65.2,60.8,3472361,3238875,233486,6.7
2012,Feb,65.1,60.8,3471702,3240019,231683,6.7
2012,Mar,65.1,60.8,3472122,3241435,230687,6.6
2012,Apr,65.1,60.8,3473518,3243151,230367,6.6
2012,May,65.1,60.8,3476254,3245796,230458,6.6
2012,Jun,65.1,60.8,3480397,3249583,230814,6.6
2012,Jul,65.1,60.8,3485409,3254117,231292,6.6
2012,Aug,65.2,60.8,3490901,3258848,232053,6.6
2012,Sep,65.2,60.8,3496582,3263317,233265,6.7
2012,Oct,65.2,60.9,3501337,3266628,234709,6.7
2012,Nov,65.2,60.8,3504465,3268252,236213,6.7
2012,Dec,65.2,60.8,3505939,3268333,237606,6.8
2013,Jan,65.2,60.7,3506305,3267341,238964,6.8
2013,Feb,65.1,60.7,3506639,3266350,240289,6.9
2013,Mar,65.1,60.6,3507938,3266573,241365,6.9
2013,Apr,65.1,60.6,3510733,3268819,241914,6.9
2013,May,65.1,60.6,3514060,3272148,241912,6.9
2013,Jun,65.1,60.6,3516697,3275355,241342,6.9
2013,Jul,65,60.6,3517932,3277961,239971,6.8
2013,Aug,65,60.6,3517355,3280063,237292,6.7
2013,Sep,64.9,60.6,3515673,3282306,233367,6.6
2013,Oct,64.8,60.6,3514864,3285781,229083,6.5
2013,Nov,64.8,60.6,3516363,3291319,225044,6.4
2013,Dec,64.8,60.7,3520340,3298878,221462,6.3
2014,Jan,64.8,60.8,3524591,3305785,218806,6.2
2014,Feb,64.9,61,3532726,3317396,215330,6.1
2014,Mar,65,61.1,3541136,3328806,212330,6
2014,Apr,65.1,61.3,3548933,3338848,210085,5.9
2014,May,65.2,61.4,3556183,3347896,208287,5.9
2014,Jun,65.3,61.5,3563949,3357342,206607,5.8
2014,Jul,65.4,61.6,3572506,3367638,204868,5.7
2014,Aug,65.5,61.8,3581751,3378815,202936,5.7
2014,Sep,65.6,62,3590865,3390352,200513,5.6
2014,Oct,65.7,62.1,3598465,3401226,197239,5.5
2014,Nov,65.8,62.2,3603367,3410255,193112,5.4
2014,Dec,65.8,62.3,3605703,3416840,188863,5.2
2015,Jan,65.7,62.4,3605565,3420586,184979,5.1
2015,Feb,65.7,62.4,3604189,3421937,182252,5.1
2015,Mar,65.6,62.3,3601628,3421572,180056,5
2015,Apr,65.5,62.3,3598244,3420283,177961,4.9
2015,May,65.4,62.2,3594041,3418247,175794,4.9
2015,Jun,65.3,62.1,3589008,3415511,173497,4.8
2015,Jul,65.1,62,3583980,3412819,171161,4.8
2015,Aug,65,61.9,3580000,3411127,168873,4.7
2015,Sep,64.9,61.9,3577728,3411294,166434,4.7
2015,Oct,64.9,61.9,3577835,3414029,163806,4.6
2015,Nov,64.9,62,3580579,3419462,161117,4.5
2015,Dec,64.9,62.1,3585033,3426836,158197,4.4
2016,Jan,65,62.2,3589829,3435046,154783,4.3
2016,Feb,65,62.3,3594275,3443299,150976,4.2
2016,Mar,65.1,62.4,3598313,3451350,146963,4.1
2016,Apr,65.1,62.5,3602471,3459357,143114,4
2016,May,65.2,62.7,3607409,3467632,139777,3.9
2016,Jun,65.2,62.8,3613102,3475999,137103,3.8
2016,Jul,65.3,62.9,3619261,3484124,135137,3.7
2016,Aug,65.4,63,3625622,3491559,134063,3.7
2016,Sep,65.4,63,3632086,3497961,134125,3.7
2016,Oct,65.5,63.1,3638490,3503404,135086,3.7
2016,Nov,65.6,63.1,3644912,3508570,136342,3.7
2016,Dec,65.7,63.2,3651575,3514023,137552,3.8
2017,Jan,65.7,63.3,3658490,3519862,138628,3.8
2017,Feb,65.8,63.3,3665221,3525821,139400,3.8
2017,Mar,65.9,63.4,3671099,3531228,139871,3.8
2017,Apr,66,63.4,3676244,3536178,140066,3.8
2017,May,66,63.5,3680990,3541090,139900,3.8
2017,Jun,66,63.5,3685642,3546165,139477,3.8
2017,Jul,66.1,63.6,3690606,3551639,138967,3.8
2017,Aug,66.1,63.7,3695906,3557650,138256,3.7
2017,Sep,66.2,63.8,3701711,3564432,137279,3.7
2017,Oct,66.3,63.9,3708326,3572182,136144,3.7
2017,Nov,66.4,64,3716022,3580888,135134,3.6
2017,Dec,66.5,64.1,3725250,3591029,134221,3.6
2018,Jan,66.7,64.3,3736286,3602886,133400,3.6
2018,Feb,66.9,64.6,3748938,3616193,132745,3.5
2018,Mar,67.1,64.8,3762067,3629933,132134,3.5
2018,Apr,67.3,65,3773854,3642519,131335,3.5
2018,May,67.5,65.1,3783261,3652972,130289,3.4
2018,Jun,67.5,65.3,3790370,3661467,128903,3.4
2018,Jul,67.6,65.3,3795629,3668492,127137,3.3
2018,Aug,67.7,65.4,3800026,3674675,125351,3.3
2018,Sep,67.7,65.5,3804087,3680361,123726,3.3
2018,Oct,67.7,65.6,3807636,3685380,122256,3.2
2018,Nov,67.8,65.6,3810080,3689148,120932,3.2
2018,Dec,67.8,65.6,3810634,3690899,119735,3.1
2019,Jan,67.7,65.6,3809095,3690557,118538,3.1
2019,Feb,67.6,65.6,3805911,3688825,117086,3.1
2019,Mar,67.6,65.5,3802648,3687207,115441,3
2019,Apr,67.5,65.5,3801080,3687342,113738,3
2019,May,67.5,65.5,3802246,3690098,112148,2.9
2019,Jun,67.6,65.6,3806480,3695671,110809,2.9
2019,Jul,67.7,65.7,3813991,3704388,109603,2.9
2019,Aug,67.8,65.9,3822170,3713768,108402,2.8
2019,Sep,67.9,66,3829750,3722387,107363,2.8
2019,Oct,68,66.1,3834887,3728268,106619,2.8
2019,Nov,67.9,66.1,3835120,3728610,106510,2.8
2019,Dec,67.9,66,3834262,3727633,106629,2.8
2020,Jan,67.9,66,3836148,3729899,106249,2.8
2020,Feb,67.9,66,3834827,3728255,106572,2.8
2020,Mar,66.8,64.9,3771967,3665047,106920,2.8
2020,Apr,60.3,50.5,3406875,2853941,552934,16.2
2020,May,62.6,52.3,3540873,2954413,586460,16.6
2020,Jun,65.1,53.6,3684255,3030349,653906,17.7
2020,Jul,64.9,54.4,3673375,3079120,594255,16.2
2020,Aug,62.7,55.6,3548646,3145205,403441,11.4
2020,Sep,66.9,60.5,3789576,3424166,365410,9.6
