Year,Period,labor force participation rate,employment-population ratio,labor force,employment,unemployment,unemployment rate
1976,Jan,60,54.7,475004,432875,42129,8.9
1976,Feb,59.7,54.4,474831,432640,42191,8.9
1976,Mar,59.5,54.2,475109,432733,42376,8.9
1976,Apr,59.5,54.2,476571,433984,42587,8.9
1976,May,59.5,54.2,478400,435737,42663,8.9
1976,Jun,59.5,54.3,480530,437826,42704,8.9
1976,Jul,59.6,54.3,482648,439924,42724,8.9
1976,Aug,59.6,54.4,484771,441951,42820,8.8
1976,Sep,59.8,54.5,487267,444136,43131,8.9
1976,Oct,59.9,54.6,490190,446616,43574,8.9
1976,Nov,60.2,54.8,493404,449423,43981,8.9
1976,Dec,60.3,55,496647,452508,44139,8.9
1977,Jan,60.6,55.3,499717,455837,43880,8.8
1977,Feb,60.7,55.5,502636,459365,43271,8.6
1977,Mar,60.9,55.8,505526,463015,42511,8.4
1977,Apr,61,56,508341,466650,41691,8.2
1977,May,61.2,56.3,510945,470135,40810,8
1977,Jun,61.3,56.5,513297,473442,39855,7.8
1977,Jul,61.4,56.7,515468,476570,38898,7.5
1977,Aug,61.5,57,517479,479575,37904,7.3
1977,Sep,61.5,57.1,519278,482503,36775,7.1
1977,Oct,61.5,57.3,520860,485353,35507,6.8
1977,Nov,61.5,57.5,522370,488196,34174,6.5
1977,Dec,61.6,57.7,524007,491018,32989,6.3
1978,Jan,61.6,57.8,525877,493756,32121,6.1
1978,Feb,61.7,58,527948,496405,31543,6
1978,Mar,61.8,58.2,530197,499017,31180,5.9
1978,Apr,61.9,58.3,532726,501662,31064,5.8
1978,May,62,58.4,535447,504289,31158,5.8
1978,Jun,62.2,58.6,538050,506693,31357,5.8
1978,Jul,62.3,58.7,540353,508764,31589,5.8
1978,Aug,62.3,58.7,542281,510444,31837,5.9
1978,Sep,62.4,58.7,543849,511665,32184,5.9
1978,Oct,62.3,58.6,545228,512513,32715,6
1978,Nov,62.3,58.5,546519,513103,33416,6.1
1978,Dec,62.2,58.4,547713,513605,34108,6.2
1979,Jan,62.2,58.3,548863,514236,34627,6.3
1979,Feb,62.1,58.2,550021,515114,34907,6.3
1979,Mar,62.1,58.2,551160,516211,34949,6.3
1979,Apr,62.1,58.1,552249,517421,34828,6.3
1979,May,62,58.2,553442,518750,34692,6.3
1979,Jun,62,58.1,554885,520213,34672,6.2
1979,Jul,62,58.2,556583,521735,34848,6.3
1979,Aug,62.1,58.2,558392,523125,35267,6.3
1979,Sep,62.1,58.1,560092,524235,35857,6.4
1979,Oct,62.1,58.1,561471,525003,36468,6.5
1979,Nov,62.1,58,562440,525403,37037,6.6
1979,Dec,62,57.9,563059,525440,37619,6.7
1980,Jan,61.8,57.6,563382,525066,38316,6.8
1980,Feb,61.7,57.4,563464,524303,39161,7
1980,Mar,61.6,57.2,563443,523352,40091,7.1
1980,Apr,61.4,57,563491,522444,41047,7.3
1980,May,61.3,56.8,563727,521699,42028,7.5
1980,Jun,61.3,56.6,564255,521222,43033,7.6
1980,Jul,61.2,56.5,565099,521097,44002,7.8
1980,Aug,61.3,56.4,566313,521481,44832,7.9
1980,Sep,61.3,56.4,567884,522472,45412,8
1980,Oct,61.4,56.5,569630,523924,45706,8
1980,Nov,61.4,56.5,571385,525694,45691,8
1980,Dec,61.5,56.6,573048,527714,45334,7.9
1981,Jan,61.5,56.7,574553,529855,44698,7.8
1981,Feb,61.5,56.8,575841,531905,43936,7.6
1981,Mar,61.5,56.9,576821,533630,43191,7.5
1981,Apr,61.5,57,577390,534902,42488,7.4
1981,May,61.4,56.9,577546,535738,41808,7.2
1981,Jun,61.2,56.9,577501,536284,41217,7.1
1981,Jul,61.1,56.8,577534,536733,40801,7.1
1981,Aug,61,56.7,577888,537222,40666,7
1981,Sep,61,56.7,578708,537811,40897,7.1
1981,Oct,61,56.6,579957,538495,41462,7.1
1981,Nov,61,56.6,581431,539143,42288,7.3
1981,Dec,61.1,56.5,583030,539610,43420,7.4
1982,Jan,61.1,56.4,584710,539829,44881,7.7
1982,Feb,61.2,56.3,586530,539845,46685,8
1982,Mar,61.2,56.2,588582,539755,48827,8.3
1982,Apr,61.4,56,590906,539707,51199,8.7
1982,May,61.5,55.9,593418,539849,53569,9
1982,Jun,61.6,55.9,595839,540179,55660,9.3
1982,Jul,61.7,55.8,597899,540600,57299,9.6
1982,Aug,61.7,55.7,599426,540950,58476,9.8
1982,Sep,61.7,55.6,600486,541104,59382,9.9
1982,Oct,61.7,55.5,601370,541047,60323,10
1982,Nov,61.6,55.4,602256,540841,61415,10.2
1982,Dec,61.6,55.2,603119,540621,62498,10.4
1983,Jan,61.6,55.1,603937,540609,63328,10.5
1983,Feb,61.5,55,604812,541125,63687,10.5
1983,Mar,61.4,55,605812,542343,63469,10.5
1983,Apr,61.4,55.1,606926,544215,62711,10.3
1983,May,61.4,55.2,608054,546506,61548,10.1
1983,Jun,61.4,55.3,609094,548925,60169,9.9
1983,Jul,61.4,55.5,609936,551198,58738,9.6
1983,Aug,61.3,55.5,610501,553177,57324,9.4
1983,Sep,61.3,55.7,610821,554948,55873,9.1
1983,Oct,61.2,55.7,611046,556735,54311,8.9
1983,Nov,61.1,55.9,611497,558778,52719,8.6
1983,Dec,61.1,56,612416,561180,51236,8.4
1984,Jan,61.2,56.2,613828,563966,49862,8.1
1984,Feb,61.2,56.4,615480,566895,48585,7.9
1984,Mar,61.3,56.6,617126,569669,47457,7.7
1984,Apr,61.4,56.8,618834,572185,46649,7.5
1984,May,61.5,56.9,620766,574400,46366,7.5
1984,Jun,61.6,57,623008,576356,46652,7.5
1984,Jul,61.8,57.1,625528,578090,47438,7.6
1984,Aug,62,57.2,628202,579632,48570,7.7
1984,Sep,62.2,57.2,630846,581005,49841,7.9
1984,Oct,62.3,57.3,633347,582326,51021,8.1
1984,Nov,62.5,57.4,635669,583751,51918,8.2
1984,Dec,62.7,57.5,637832,585328,52504,8.2
1985,Jan,62.8,57.6,639894,586976,52918,8.3
1985,Feb,62.9,57.7,641913,588618,53295,8.3
1985,Mar,63,57.7,643779,590137,53642,8.3
1985,Apr,63.1,57.8,645236,591343,53893,8.4
1985,May,63.1,57.8,646338,592316,54022,8.4
1985,Jun,63.2,57.9,647426,593340,54086,8.4
1985,Jul,63.2,58,648881,594752,54129,8.3
1985,Aug,63.3,58,650934,596783,54151,8.3
1985,Sep,63.3,58.1,653536,599327,54209,8.3
1985,Oct,63.5,58.2,656410,601975,54435,8.3
1985,Nov,63.6,58.3,659229,604261,54968,8.3
1985,Dec,63.6,58.3,661728,605882,55846,8.4
1986,Jan,63.6,58.2,663747,606705,57042,8.6
1986,Feb,63.7,58.1,665364,606844,58520,8.8
1986,Mar,63.6,57.9,666911,606731,60180,9
1986,Apr,63.6,57.7,668639,606811,61828,9.2
1986,May,63.6,57.6,670447,607233,63214,9.4
1986,Jun,63.6,57.6,672088,607924,64164,9.5
1986,Jul,63.6,57.5,673452,608798,64654,9.6
1986,Aug,63.6,57.5,674509,609705,64804,9.6
1986,Sep,63.6,57.5,675214,610492,64722,9.6
1986,Oct,63.6,57.5,675547,611102,64445,9.5
1986,Nov,63.5,57.5,675513,611488,64025,9.5
1986,Dec,63.4,57.4,675264,611771,63493,9.4
1987,Jan,63.3,57.4,675042,612119,62923,9.3
1987,Feb,63.2,57.4,674904,612647,62257,9.2
1987,Mar,63.1,57.4,674827,613367,61460,9.1
1987,Apr,63.1,57.4,674829,614243,60586,9
1987,May,63,57.4,674973,615293,59680,8.8
1987,Jun,62.9,57.4,675225,616414,58811,8.7
1987,Jul,62.9,57.5,675422,617389,58033,8.6
1987,Aug,62.8,57.5,675545,618173,57372,8.5
1987,Sep,62.8,57.5,675879,619022,56857,8.4
1987,Oct,62.9,57.6,676635,620134,56501,8.4
1987,Nov,62.9,57.7,677878,621657,56221,8.3
1987,Dec,63,57.8,679450,623523,55927,8.2
1988,Jan,63.1,58,681036,625539,55497,8.1
1988,Feb,63.2,58.1,682452,627559,54893,8
1988,Mar,63.2,58.2,683586,629402,54184,7.9
1988,Apr,63.3,58.4,684396,631010,53386,7.8
1988,May,63.3,58.4,684929,632373,52556,7.7
1988,Jun,63.3,58.5,685358,633669,51689,7.5
1988,Jul,63.3,58.6,685881,635087,50794,7.4
1988,Aug,63.3,58.7,686506,636573,49933,7.3
1988,Sep,63.3,58.7,687105,637955,49150,7.2
1988,Oct,63.3,58.8,687678,639217,48461,7
1988,Nov,63.3,58.9,688226,640391,47835,7
1988,Dec,63.2,58.9,688752,641498,47254,6.9
1989,Jan,63.2,59,689340,642603,46737,6.8
1989,Feb,63.2,59,690023,643696,46327,6.7
1989,Mar,63.3,59,690827,644784,46043,6.7
1989,Apr,63.3,59.1,691807,645882,45925,6.6
1989,May,63.4,59.1,693058,647035,46023,6.6
1989,Jun,63.4,59.2,694595,648230,46365,6.7
1989,Jul,63.5,59.3,696384,649529,46855,6.7
1989,Aug,63.7,59.4,698415,651118,47297,6.8
1989,Sep,63.8,59.5,700502,652974,47528,6.8
1989,Oct,63.9,59.6,702431,654950,47481,6.8
1989,Nov,64,59.7,704107,656906,47201,6.7
1989,Dec,64.1,59.8,705620,658818,46802,6.6
1990,Jan,63.5,59.3,707122,660756,46366,6.6
1990,Feb,63.6,59.5,708698,662718,45980,6.5
1990,Mar,63.7,59.6,710328,664615,45713,6.4
1990,Apr,63.8,59.8,711895,666279,45616,6.4
1990,May,63.9,59.8,713226,667528,45698,6.4
1990,Jun,64,59.9,714273,668323,45950,6.4
1990,Jul,64.1,59.9,715130,668737,46393,6.5
1990,Aug,64,59.8,715805,668822,46983,6.6
1990,Sep,63.9,59.7,716375,668764,47611,6.6
1990,Oct,63.8,59.5,716932,668720,48212,6.7
1990,Nov,63.8,59.5,717527,668757,48770,6.8
1990,Dec,63.8,59.4,718182,668873,49309,6.9
1991,Jan,63.7,59.3,718784,668935,49849,6.9
1991,Feb,63.7,59.2,719390,668984,50406,7
1991,Mar,63.6,59.1,720194,669229,50965,7.1
1991,Apr,63.6,59.1,721378,669900,51478,7.1
1991,May,63.7,59.1,722976,671112,51864,7.2
1991,Jun,63.7,59.1,724741,672660,52081,7.2
1991,Jul,63.8,59.2,726362,674232,52130,7.2
1991,Aug,63.8,59.2,727785,675652,52133,7.2
1991,Sep,63.7,59.1,729114,676810,52304,7.2
1991,Oct,63.7,59.1,730341,677673,52668,7.2
1991,Nov,63.7,59,731516,678374,53142,7.3
1991,Dec,63.6,59,732662,679090,53572,7.3
1992,Jan,63.7,59,733928,680037,53891,7.3
1992,Feb,63.7,59,735389,681318,54071,7.4
1992,Mar,63.7,59,736885,682833,54052,7.3
1992,Apr,63.7,59.1,738267,684401,53866,7.3
1992,May,63.7,59.1,739455,685893,53562,7.2
1992,Jun,63.7,59.1,740636,687430,53206,7.2
1992,Jul,63.7,59.1,742067,689154,52913,7.1
1992,Aug,63.7,59.2,743708,690994,52714,7.1
1992,Sep,63.7,59.2,745321,692785,52536,7
1992,Oct,63.7,59.2,746801,694381,52420,7
1992,Nov,63.7,59.2,748163,695735,52428,7
1992,Dec,63.7,59.2,749496,696954,52542,7
1993,Jan,63.7,59.2,750915,698186,52729,7
1993,Feb,63.7,59.2,752450,699531,52919,7
1993,Mar,63.7,59.2,754177,701044,53133,7
1993,Apr,63.8,59.3,756047,702696,53351,7.1
1993,May,63.8,59.3,757963,704408,53555,7.1
1993,Jun,63.8,59.3,759663,705981,53682,7.1
1993,Jul,63.8,59.3,760722,707109,53613,7
1993,Aug,63.7,59.2,761281,707940,53341,7
1993,Sep,63.6,59.2,761891,708952,52939,6.9
1993,Oct,63.5,59.2,762977,710493,52484,6.9
1993,Nov,63.5,59.2,764682,712655,52027,6.8
1993,Dec,63.5,59.3,766927,715297,51630,6.7
1994,Jan,63.6,59.4,769450,718157,51293,6.7
1994,Feb,63.7,59.5,771961,720972,50989,6.6
1994,Mar,63.7,59.6,774225,723528,50697,6.5
1994,Apr,63.7,59.6,776153,725725,50428,6.5
1994,May,63.7,59.6,777784,727548,50236,6.5
1994,Jun,63.7,59.6,779360,729183,50177,6.4
1994,Jul,63.7,59.6,781280,731005,50275,6.4
1994,Aug,63.8,59.7,783599,733126,50473,6.4
1994,Sep,63.9,59.7,786080,735419,50661,6.4
1994,Oct,63.9,59.8,788590,737867,50723,6.4
1994,Nov,64,59.9,790943,740310,50633,6.4
1994,Dec,64,59.9,792946,742483,50463,6.4
1995,Jan,64,60,794477,744180,50297,6.3
1995,Feb,64,59.9,795482,745245,50237,6.3
1995,Mar,63.9,59.9,796005,745678,50327,6.3
1995,Apr,63.8,59.7,796307,745739,50568,6.4
1995,May,63.7,59.6,796725,745771,50954,6.4
1995,Jun,63.6,59.5,797504,746022,51482,6.5
1995,Jul,63.6,59.5,798683,746530,52153,6.5
1995,Aug,63.6,59.4,800123,747147,52976,6.6
1995,Sep,63.6,59.3,801645,747677,53968,6.7
1995,Oct,63.6,59.2,803042,747987,55055,6.9
1995,Nov,63.6,59.1,804225,748114,56111,7
1995,Dec,63.5,59,805252,748211,57041,7.1
1996,Jan,63.5,59,806201,748419,57782,7.2
1996,Feb,63.5,58.9,807227,748893,58334,7.2
1996,Mar,63.5,58.9,808459,749702,58757,7.3
1996,Apr,63.5,58.8,809799,750726,59073,7.3
1996,May,63.5,58.8,811142,751858,59284,7.3
1996,Jun,63.4,58.8,812463,753052,59411,7.3
1996,Jul,63.4,58.8,813747,754317,59430,7.3
1996,Aug,63.4,58.8,814934,755663,59271,7.3
1996,Sep,63.4,58.8,815908,757010,58898,7.2
1996,Oct,63.4,58.9,816590,758229,58361,7.1
1996,Nov,63.4,58.9,816984,759267,57717,7.1
1996,Dec,63.3,58.9,817161,760175,56986,7
1997,Jan,63.3,58.9,817271,761082,56189,6.9
1997,Feb,63.2,58.9,817538,762192,55346,6.8
1997,Mar,63.2,59,818163,763721,54442,6.7
1997,Apr,63.2,59.1,819252,765723,53529,6.5
1997,May,63.3,59.2,820687,768053,52634,6.4
1997,Jun,63.3,59.4,822204,770466,51738,6.3
1997,Jul,63.4,59.5,823669,772766,50903,6.2
1997,Aug,63.4,59.5,825085,774826,50259,6.1
1997,Sep,63.4,59.6,826472,776612,49860,6
1997,Oct,63.4,59.6,827871,778134,49737,6
1997,Nov,63.5,59.7,829298,779442,49856,6
1997,Dec,63.5,59.7,830732,780594,50138,6
1998,Jan,63.5,59.7,832143,781624,50519,6.1
1998,Feb,63.6,59.7,833436,782548,50888,6.1
1998,Mar,63.6,59.7,834468,783313,51155,6.1
1998,Apr,63.6,59.7,835218,783914,51304,6.1
1998,May,63.6,59.7,835671,784327,51344,6.1
1998,Jun,63.5,59.6,835796,784486,51310,6.1
1998,Jul,63.4,59.5,835603,784418,51185,6.1
1998,Aug,63.3,59.5,835210,784287,50923,6.1
1998,Sep,63.2,59.4,834827,784275,50552,6.1
1998,Oct,63.2,59.4,834563,784433,50130,6
1998,Nov,63.1,59.3,834460,784738,49722,6
1998,Dec,63,59.3,834479,785112,49367,5.9
1999,Jan,63,59.3,834569,785510,49059,5.9
1999,Feb,63,59.3,834672,785886,48786,5.8
1999,Mar,62.9,59.3,834779,786278,48501,5.8
1999,Apr,62.9,59.3,834942,786798,48144,5.8
1999,May,62.8,59.3,835223,787548,47675,5.7
1999,Jun,62.9,59.3,835667,788592,47075,5.6
1999,Jul,62.9,59.4,836233,789817,46416,5.6
1999,Aug,62.8,59.4,836810,791059,45751,5.5
1999,Sep,62.8,59.4,837325,792233,45092,5.4
1999,Oct,62.8,59.4,837772,793344,44428,5.3
1999,Nov,62.7,59.5,838243,794486,43757,5.2
1999,Dec,62.7,59.5,838867,795742,43125,5.1
2000,Jan,62.7,59.5,839640,797089,42551,5.1
2000,Feb,62.7,59.6,840470,798456,42014,5
2000,Mar,62.8,59.7,841358,799779,41579,4.9
2000,Apr,62.9,59.8,842276,800989,41287,4.9
2000,May,62.9,59.8,843255,802086,41169,4.9
2000,Jun,63,59.9,844378,803137,41241,4.9
2000,Jul,63,59.9,845707,804298,41409,4.9
2000,Aug,63.1,60,847239,805656,41583,4.9
2000,Sep,63.2,60.1,848903,807164,41739,4.9
2000,Oct,63.2,60.1,850596,808745,41851,4.9
2000,Nov,63.3,60.2,852167,810249,41918,4.9
2000,Dec,63.4,60.3,853505,811576,41929,4.9
2001,Jan,63.4,60.3,854620,812738,41882,4.9
2001,Feb,63.5,60.4,855582,813750,41832,4.9
2001,Mar,63.5,60.4,856320,814581,41739,4.9
2001,Apr,63.5,60.4,856779,815215,41564,4.9
2001,May,63.5,60.4,857059,815687,41372,4.8
2001,Jun,63.4,60.4,857267,816006,41261,4.8
2001,Jul,63.4,60.3,857531,816171,41360,4.8
2001,Aug,63.3,60.3,857960,816241,41719,4.9
2001,Sep,63.3,60.2,858658,816349,42309,4.9
2001,Oct,63.3,60.1,859710,816639,43071,5
2001,Nov,63.3,60.1,861115,817185,43930,5.1
2001,Dec,63.4,60.1,862841,818018,44823,5.2
2002,Jan,63.4,60.1,864819,819094,45725,5.3
2002,Feb,63.5,60.1,866950,820329,46621,5.4
2002,Mar,63.6,60.1,869133,821640,47493,5.5
2002,Apr,63.7,60.2,871297,823026,48271,5.5
2002,May,63.7,60.2,873285,824465,48820,5.6
2002,Jun,63.8,60.2,874980,825900,49080,5.6
2002,Jul,63.8,60.2,876327,827244,49083,5.6
2002,Aug,63.8,60.2,877426,828449,48977,5.6
2002,Sep,63.8,60.2,878421,829509,48912,5.6
2002,Oct,63.8,60.2,879379,830417,48962,5.6
2002,Nov,63.8,60.2,880387,831224,49163,5.6
2002,Dec,63.8,60.2,881427,831962,49465,5.6
2003,Jan,63.8,60.2,882476,832661,49815,5.6
2003,Feb,63.8,60.2,883593,833384,50209,5.7
2003,Mar,63.8,60.2,884835,834173,50662,5.7
2003,Apr,63.9,60.2,886167,834970,51197,5.8
2003,May,63.9,60.2,887562,835756,51806,5.8
2003,Jun,63.9,60.1,889058,836635,52423,5.9
2003,Jul,63.9,60.1,890581,837648,52933,5.9
2003,Aug,64,60.1,892002,838755,53247,6
2003,Sep,64,60.1,893221,839924,53297,6
2003,Oct,63.9,60.1,894283,841152,53131,5.9
2003,Nov,63.9,60.2,895281,842444,52837,5.9
2003,Dec,63.9,60.2,896274,843796,52478,5.9
2004,Jan,63.9,60.2,897210,845141,52069,5.8
2004,Feb,63.9,60.2,897987,846430,51557,5.7
2004,Mar,63.9,60.3,898642,847689,50953,5.7
2004,Apr,63.8,60.3,899209,848882,50327,5.6
2004,May,63.8,60.3,899758,850029,49729,5.5
2004,Jun,63.8,60.3,900409,851215,49194,5.5
2004,Jul,63.8,60.3,901326,852572,48754,5.4
2004,Aug,63.8,60.3,902637,854176,48461,5.4
2004,Sep,63.8,60.4,904353,855970,48383,5.4
2004,Oct,63.8,60.4,906284,857743,48541,5.4
2004,Nov,63.9,60.4,908224,859369,48855,5.4
2004,Dec,63.9,60.5,910094,860875,49219,5.4
2005,Jan,64,60.5,911819,862317,49502,5.4
2005,Feb,64,60.5,913319,863734,49585,5.4
2005,Mar,64,60.5,914602,865227,49375,5.4
2005,Apr,64,60.6,915811,866948,48863,5.3
2005,May,64,60.6,917038,868875,48163,5.3
2005,Jun,64,60.7,918229,870801,47428,5.2
2005,Jul,64,60.7,919348,872550,46798,5.1
2005,Aug,64,60.7,920272,874069,46203,5
2005,Sep,63.9,60.8,920961,875483,45478,4.9
2005,Oct,63.7,60.7,921498,877016,44482,4.8
2005,Nov,63.7,60.7,921896,878713,43183,4.7
2005,Dec,63.6,60.7,922189,880470,41719,4.5
2006,Jan,63.5,60.8,922673,882331,40342,4.4
2006,Feb,63.5,60.8,923526,884251,39275,4.3
2006,Mar,63.5,60.9,924679,886002,38677,4.2
2006,Apr,63.5,60.9,926021,887443,38578,4.2
2006,May,63.6,60.9,927394,888560,38834,4.2
2006,Jun,63.6,60.9,928610,889403,39207,4.2
2006,Jul,63.6,60.9,929564,890137,39427,4.2
2006,Aug,63.5,60.9,930262,890900,39362,4.2
2006,Sep,63.5,60.8,930707,891697,39010,4.2
2006,Oct,63.4,60.8,931009,892632,38377,4.1
2006,Nov,63.4,60.8,931322,893746,37576,4
2006,Dec,63.3,60.8,931638,894904,36734,3.9
2007,Jan,63.2,60.8,931845,895895,35950,3.9
2007,Feb,63.2,60.8,931981,896656,35325,3.8
2007,Mar,63.1,60.8,932095,897231,34864,3.7
2007,Apr,63,60.7,932140,897636,34504,3.7
2007,May,63,60.7,932146,897916,34230,3.7
2007,Jun,62.9,60.6,932271,898218,34053,3.7
2007,Jul,62.8,60.6,932716,898660,34056,3.7
2007,Aug,62.8,60.5,933629,899315,34314,3.7
2007,Sep,62.9,60.5,934989,900203,34786,3.7
2007,Oct,62.9,60.5,936585,901172,35413,3.8
2007,Nov,63,60.6,938185,902119,36066,3.8
2007,Dec,63,60.6,939634,903032,36602,3.9
2008,Jan,63,60.6,940724,903768,36956,3.9
2008,Feb,63,60.5,941371,904224,37147,3.9
2008,Mar,63,60.5,941688,904384,37304,4
2008,Apr,63,60.5,941981,904341,37640,4
2008,May,63,60.4,942599,904281,38318,4.1
2008,Jun,63,60.4,943705,904295,39410,4.2
2008,Jul,63,60.3,945121,904278,40843,4.3
2008,Aug,63.1,60.2,946548,903944,42604,4.5
2008,Sep,63.1,60.1,947697,902914,44783,4.7
2008,Oct,63,59.9,948298,900805,47493,5
2008,Nov,63,59.6,948220,897405,50815,5.4
2008,Dec,62.9,59.2,947576,892860,54716,5.8
2009,Jan,62.8,58.8,946635,887617,59018,6.2
2009,Feb,62.6,58.4,945690,882290,63400,6.7
2009,Mar,62.5,58.1,944960,877548,67412,7.1
2009,Apr,62.5,57.8,944421,873814,70607,7.5
2009,May,62.4,57.5,943745,871029,72716,7.7
2009,Jun,62.2,57.4,942686,868906,73780,7.8
2009,Jul,62.1,57.2,941147,867074,74073,7.9
2009,Aug,61.9,57,939133,865244,73889,7.9
2009,Sep,61.6,56.8,936856,863349,73507,7.8
2009,Oct,61.4,56.6,934676,861474,73202,7.8
2009,Nov,61.2,56.4,933079,859902,73177,7.8
2009,Dec,61.1,56.3,932476,858927,73549,7.9
2010,Jan,61.1,56.2,933018,858746,74272,8
2010,Feb,61.2,56.2,934526,859339,75187,8
2010,Mar,61.2,56.3,936583,860436,76147,8.1
2010,Apr,60,55.1,938582,861587,76995,8.2
2010,May,60,55.1,939956,862388,77568,8.3
2010,Jun,60,55,940305,862544,77761,8.3
2010,Jul,59.9,54.9,939503,861960,77543,8.3
2010,Aug,59.7,54.8,937851,860864,76987,8.2
2010,Sep,59.5,54.7,935844,859656,76188,8.1
2010,Oct,59.3,54.6,933963,858795,75168,8
2010,Nov,59.2,54.5,932509,858547,73962,7.9
2010,Dec,59.1,54.5,931524,858872,72652,7.8
2011,Jan,59,54.5,930931,859575,71356,7.7
2011,Feb,58.9,54.5,930489,860328,70161,7.5
2011,Mar,58.9,54.5,930022,860844,69178,7.4
2011,Apr,58.8,54.5,929680,861100,68580,7.4
2011,May,58.8,54.4,929629,861139,68490,7.4
2011,Jun,58.7,54.4,929808,860961,68847,7.4
2011,Jul,58.7,54.3,930174,860671,69503,7.5
2011,Aug,58.7,54.3,930567,860318,70249,7.5
2011,Sep,58.7,54.2,930760,859914,70846,7.6
2011,Oct,58.6,54.2,930768,859611,71157,7.6
2011,Nov,58.6,54.1,930568,859530,71038,7.6
2011,Dec,58.5,54.1,930015,859620,70395,7.6
2012,Jan,58.5,54.1,929176,859841,69335,7.5
2012,Feb,58.4,54.1,928263,860138,68125,7.3
2012,Mar,58.3,54.1,927370,860339,67031,7.2
2012,Apr,58.2,54.1,926402,860239,66163,7.1
2012,May,58.2,54,925588,860026,65562,7.1
2012,Jun,58.1,54,925359,860128,65231,7
2012,Jul,58.1,54,925878,860752,65126,7
2012,Aug,58.2,54.1,927017,861828,65189,7
2012,Sep,58.2,54.1,928458,863079,65379,7
2012,Oct,58.3,54.1,929564,864022,65542,7.1
2012,Nov,58.2,54.1,929901,864319,65582,7.1
2012,Dec,58.2,54.1,929497,864032,65465,7
2013,Jan,58.1,54,928424,863259,65165,7
2013,Feb,58,53.9,926830,862128,64702,7
2013,Mar,57.9,53.9,925144,860995,64149,6.9
2013,Apr,57.8,53.8,923860,860204,63656,6.9
2013,May,57.7,53.7,923102,859685,63417,6.9
2013,Jun,57.7,53.7,922686,859209,63477,6.9
2013,Jul,57.6,53.6,922517,858771,63746,6.9
2013,Aug,57.6,53.6,922566,858535,64031,6.9
2013,Sep,57.6,53.6,922837,858644,64193,7
2013,Oct,57.6,53.6,923343,859094,64249,7
2013,Nov,57.6,53.6,923958,859733,64225,7
2013,Dec,57.7,53.7,924484,860377,64107,6.9
2014,Jan,57.9,53.9,928588,864364,64224,6.9
2014,Feb,57.9,53.9,928918,864967,63951,6.9
2014,Mar,58,54,929341,865638,63703,6.9
2014,Apr,58,54,929843,866347,63496,6.8
2014,May,58,54.1,930435,867205,63230,6.8
2014,Jun,58.1,54.1,931218,868364,62854,6.7
2014,Jul,58.1,54.2,932110,869760,62350,6.7
2014,Aug,58.1,54.3,932980,871255,61725,6.6
2014,Sep,58.2,54.4,933725,872670,61055,6.5
2014,Oct,58.2,54.4,934311,873866,60445,6.5
2014,Nov,58.2,54.4,934721,874692,60029,6.4
2014,Dec,58.2,54.4,934991,875050,59941,6.4
2015,Jan,58.2,54.5,935890,875658,60232,6.4
2015,Feb,58.2,54.4,935977,875304,60673,6.5
2015,Mar,58.2,54.4,935988,874858,61130,6.5
2015,Apr,58.2,54.4,935866,874479,61387,6.6
2015,May,58.1,54.3,935545,874207,61338,6.6
2015,Jun,58.1,54.3,935050,874021,61029,6.5
2015,Jul,58,54.3,934525,873898,60627,6.5
2015,Aug,58,54.2,934099,873766,60333,6.5
2015,Sep,57.9,54.2,933878,873670,60208,6.4
2015,Oct,57.9,54.2,933974,873721,60253,6.5
2015,Nov,57.9,54.2,934403,873952,60451,6.5
2015,Dec,58,54.2,935061,874336,60725,6.5
2016,Jan,58,54.2,935749,874748,61001,6.5
2016,Feb,58,54.2,936303,875026,61277,6.5
2016,Mar,58,54.2,936689,875097,61592,6.6
2016,Apr,58,54.2,936998,875018,61980,6.6
2016,May,58,54.1,937271,874881,62390,6.7
2016,Jun,58,54.1,937398,874695,62703,6.7
2016,Jul,58,54.1,937380,874578,62802,6.7
2016,Aug,57.9,54.1,937263,874625,62638,6.7
2016,Sep,57.9,54,937002,874751,62251,6.6
2016,Oct,57.8,54,936574,874883,61691,6.6
2016,Nov,57.8,54,936133,875127,61006,6.5
2016,Dec,57.7,54,935816,875553,60263,6.4
2017,Jan,57.7,54.1,935709,876205,59504,6.4
2017,Feb,57.7,54.1,935778,877084,58694,6.3
2017,Mar,57.7,54.1,935831,878012,57819,6.2
2017,Apr,57.7,54.2,935820,878905,56915,6.1
2017,May,57.7,54.2,935772,879750,56022,6
2017,Jun,57.7,54.3,935660,880499,55161,5.9
2017,Jul,57.6,54.3,935466,881107,54359,5.8
2017,Aug,57.6,54.3,935193,881605,53588,5.7
2017,Sep,57.5,54.3,934922,882142,52780,5.6
2017,Oct,57.5,54.3,934650,882801,51849,5.5
2017,Nov,57.4,54.3,934345,883559,50786,5.4
2017,Dec,57.4,54.4,934073,884438,49635,5.3
2018,Jan,57.4,54.4,933989,885510,48479,5.2
2018,Feb,57.4,54.5,934219,886811,47408,5.1
2018,Mar,57.4,54.6,934766,888301,46465,5
2018,Apr,57.4,54.6,935432,889752,45680,4.9
2018,May,57.5,54.7,936134,890995,45139,4.8
2018,Jun,57.5,54.7,936964,892093,44871,4.8
2018,Jul,57.5,54.8,937904,893095,44809,4.8
2018,Aug,57.6,54.8,938998,894054,44944,4.8
2018,Sep,57.6,54.8,940326,895053,45273,4.8
2018,Oct,57.7,54.9,941927,896179,45748,4.9
2018,Nov,57.7,54.9,943722,897452,46270,4.9
2018,Dec,57.8,55,945491,898770,46721,4.9
2019,Jan,57.9,55,947008,899963,47045,5
2019,Feb,57.9,55.1,948193,900972,47221,5
2019,Mar,58,55.1,949247,901992,47255,5
2019,Apr,58,55.2,950371,903253,47118,5
2019,May,58.1,55.2,951670,904857,46813,4.9
2019,Jun,58.2,55.3,953233,906791,46442,4.9
2019,Jul,58.3,55.4,955251,909143,46108,4.8
2019,Aug,58.3,55.5,957248,911407,45841,4.8
2019,Sep,58.4,55.6,959014,913337,45677,4.8
2019,Oct,58.4,55.7,960159,914532,45627,4.8
2019,Nov,58.4,55.6,960148,914468,45680,4.8
2019,Dec,58.4,55.6,959922,914194,45728,4.8
2020,Jan,58.4,55.6,961100,915430,45670,4.8
2020,Feb,58.4,55.6,961807,915799,46008,4.8
2020,Mar,58.8,55.1,968682,907628,61054,6.3
2020,Apr,55.6,49,916510,807804,108706,11.9
2020,May,54.9,49.9,905243,822492,82751,9.1
2020,Jun,55.9,51.2,921812,844380,77432,8.4
2020,Jul,55.2,48.2,910699,795329,115370,12.7
2020,Aug,54.3,48.2,896708,794751,101957,11.4
2020,Sep,57.7,52.2,952327,862766,89561,9.4
