Year,Period,labor force participation rate,employment-population ratio,labor force,employment,unemployment,unemployment rate
1976,Jan,61.2,55,3281099,2944762,336337,10.3
1976,Feb,61.2,54.9,3280097,2944167,335930,10.2
1976,Mar,61.2,54.9,3282199,2945972,336227,10.2
1976,Apr,61.3,55,3290889,2952460,338429,10.3
1976,May,61.4,55.1,3301261,2960089,341172,10.3
1976,Jun,61.5,55.1,3311189,2967398,343791,10.4
1976,Jul,61.6,55.2,3318401,2972413,345988,10.4
1976,Aug,61.7,55.2,3323094,2975450,347644,10.5
1976,Sep,61.7,55.2,3327480,2978004,349476,10.5
1976,Oct,61.7,55.2,3333000,2980622,352378,10.6
1976,Nov,61.8,55.2,3340512,2984304,356208,10.7
1976,Dec,61.9,55.3,3349255,2990493,358762,10.7
1977,Jan,62.1,55.5,3358839,3000405,358434,10.7
1977,Feb,62.2,55.6,3368520,3013869,354651,10.5
1977,Mar,62.3,55.9,3376107,3028935,347172,10.3
1977,Apr,62.3,56.1,3380846,3043611,337235,10
1977,May,62.3,56.3,3382905,3056295,326610,9.7
1977,Jun,62.3,56.4,3383078,3066068,317010,9.4
1977,Jul,62.2,56.5,3383198,3073829,309369,9.1
1977,Aug,62.2,56.6,3385038,3081806,303232,9
1977,Sep,62.2,56.7,3388938,3091686,297252,8.8
1977,Oct,62.2,56.9,3393355,3103291,290064,8.5
1977,Nov,62.2,57.1,3396976,3115597,281379,8.3
1977,Dec,62.2,57.2,3399539,3127266,272273,8
1978,Jan,62.2,57.4,3402187,3138336,263851,7.8
1978,Feb,62.2,57.5,3406882,3149507,257375,7.6
1978,Mar,62.3,57.7,3415348,3161677,253671,7.4
1978,Apr,62.5,57.9,3427629,3175428,252201,7.4
1978,May,62.7,58.1,3443104,3191130,251974,7.3
1978,Jun,63,58.4,3460159,3208664,251495,7.3
1978,Jul,63.2,58.7,3476762,3226375,250387,7.2
1978,Aug,63.4,58.9,3491582,3242482,249100,7.1
1978,Sep,63.6,59.1,3504731,3256927,247804,7.1
1978,Oct,63.8,59.3,3518354,3271064,247290,7
1978,Nov,64,59.5,3532887,3284857,248030,7
1978,Dec,64.2,59.7,3545837,3296370,249467,7
1979,Jan,64.3,59.7,3554894,3304123,250771,7.1
1979,Feb,64.3,59.8,3558935,3308318,250617,7
1979,Mar,64.2,59.8,3559174,3310161,249013,7
1979,Apr,64.2,59.7,3558156,3310986,247170,6.9
1979,May,64.1,59.7,3558655,3312527,246128,6.9
1979,Jun,64.1,59.7,3562210,3315465,246745,6.9
1979,Jul,64.2,59.7,3569308,3320747,248561,7
1979,Aug,64.3,59.8,3578870,3328436,250434,7
1979,Sep,64.5,60,3588171,3337008,251163,7
1979,Oct,64.6,60.1,3593967,3345026,248941,6.9
1979,Nov,64.5,60.2,3595316,3351857,243459,6.8
1979,Dec,64.5,60.2,3593971,3356934,237037,6.6
1980,Jan,64.4,60.2,3591186,3358678,232508,6.5
1980,Feb,64.3,60.2,3588284,3356017,232267,6.5
1980,Mar,64.3,60,3586752,3349330,237422,6.6
1980,Apr,64.2,59.8,3586728,3340318,246410,6.9
1980,May,64.2,59.6,3587806,3331022,256784,7.2
1980,Jun,64.2,59.4,3590017,3323890,266127,7.4
1980,Jul,64.1,59.3,3592391,3320135,272256,7.6
1980,Aug,64.1,59.2,3594277,3319652,274625,7.6
1980,Sep,64.1,59.2,3595870,3321581,274289,7.6
1980,Oct,64,59.2,3597263,3324282,272981,7.6
1980,Nov,64,59.2,3599662,3327535,272127,7.6
1980,Dec,64.1,59.2,3604822,3332690,272132,7.5
1981,Jan,64.1,59.3,3612416,3339638,272778,7.6
1981,Feb,64.2,59.3,3620082,3346703,273379,7.6
1981,Mar,64.2,59.4,3625187,3352473,272714,7.5
1981,Apr,64.2,59.4,3625814,3355259,270555,7.5
1981,May,64,59.3,3621194,3354061,267133,7.4
1981,Jun,63.8,59.2,3612361,3349586,262775,7.3
1981,Jul,63.6,59,3601692,3342830,258862,7.2
1981,Aug,63.3,58.8,3591959,3335009,256950,7.2
1981,Sep,63.2,58.6,3586165,3327394,258771,7.2
1981,Oct,63.1,58.5,3586212,3320750,265462,7.4
1981,Nov,63.2,58.3,3590243,3314187,276056,7.7
1981,Dec,63.2,58.2,3596134,3307600,288534,8
1982,Jan,63.3,58,3602975,3302787,300188,8.3
1982,Feb,63.4,58,3609963,3300879,309084,8.6
1982,Mar,63.5,57.9,3615569,3301613,313956,8.7
1982,Apr,63.5,58,3619562,3304904,314658,8.7
1982,May,63.5,58,3622340,3309826,312514,8.6
1982,Jun,63.5,58,3624630,3314402,310228,8.6
1982,Jul,63.5,58.1,3627527,3317267,310260,8.6
1982,Aug,63.5,58,3631460,3318042,313418,8.6
1982,Sep,63.5,57.9,3635633,3316916,318717,8.8
1982,Oct,63.5,57.8,3639280,3314678,324602,8.9
1982,Nov,63.5,57.7,3642034,3312721,329313,9
1982,Dec,63.4,57.7,3641983,3311259,330724,9.1
1983,Jan,63.3,57.6,3638955,3310366,328589,9
1983,Feb,63.2,57.6,3635797,3312234,323563,8.9
1983,Mar,63.1,57.6,3636016,3318941,317075,8.7
1983,Apr,63.2,57.8,3642813,3331704,311109,8.5
1983,May,63.3,58,3656527,3350272,306255,8.4
1983,Jun,63.6,58.4,3674751,3373109,301642,8.2
1983,Jul,63.9,58.8,3694485,3398252,296233,8
1983,Aug,64.1,59.1,3712831,3423070,289761,7.8
1983,Sep,64.3,59.5,3727732,3445738,281994,7.6
1983,Oct,64.5,59.8,3739051,3465864,273187,7.3
1983,Nov,64.6,60,3748490,3483849,264641,7.1
1983,Dec,64.7,60.3,3759241,3501387,257854,6.9
1984,Jan,64.9,60.6,3773106,3520535,252571,6.7
1984,Feb,65.1,60.9,3789079,3541083,247996,6.5
1984,Mar,65.4,61.2,3804926,3560711,244215,6.4
1984,Apr,65.5,61.4,3817563,3576534,241029,6.3
1984,May,65.6,61.5,3825609,3586819,238790,6.2
1984,Jun,65.6,61.5,3828544,3591237,237307,6.2
1984,Jul,65.5,61.5,3826454,3590616,235838,6.2
1984,Aug,65.4,61.4,3820967,3587338,233629,6.1
1984,Sep,65.3,61.3,3814521,3584100,230421,6
1984,Oct,65.2,61.3,3809938,3583565,226373,5.9
1984,Nov,65.1,61.3,3809800,3587572,222228,5.8
1984,Dec,65.2,61.5,3814255,3595367,218888,5.7
1985,Jan,65.3,61.6,3821255,3603921,217334,5.7
1985,Feb,65.4,61.7,3828408,3610389,218019,5.7
1985,Mar,65.5,61.7,3833422,3613936,219486,5.7
1985,Apr,65.5,61.7,3835331,3615404,219927,5.7
1985,May,65.5,61.7,3834857,3616360,218497,5.7
1985,Jun,65.4,61.7,3834284,3618523,215761,5.6
1985,Jul,65.4,61.8,3835985,3622881,213104,5.6
1985,Aug,65.4,61.8,3841488,3630041,211447,5.5
1985,Sep,65.5,61.9,3851004,3639399,211605,5.5
1985,Oct,65.6,62,3862128,3649022,213106,5.5
1985,Nov,65.7,62,3871484,3657059,214425,5.5
1985,Dec,65.7,62.1,3877359,3662704,214655,5.5
1986,Jan,65.7,62,3880270,3666645,213625,5.5
1986,Feb,65.6,62,3882076,3670682,211394,5.4
1986,Mar,65.6,62,3884745,3676134,208611,5.4
1986,Apr,65.6,62.1,3889198,3683160,206038,5.3
1986,May,65.6,62.1,3895193,3691502,203691,5.2
1986,Jun,65.6,62.2,3902319,3701090,201229,5.2
1986,Jul,65.6,62.3,3909517,3711542,197975,5.1
1986,Aug,65.7,62.4,3915232,3721829,193403,4.9
1986,Sep,65.7,62.6,3918501,3731117,187384,4.8
1986,Oct,65.7,62.6,3920018,3739322,180696,4.6
1986,Nov,65.6,62.7,3921104,3746391,174713,4.5
1986,Dec,65.6,62.8,3923674,3753531,170143,4.3
1987,Jan,65.7,62.9,3928696,3761477,167219,4.3
1987,Feb,65.8,63,3935786,3769893,165893,4.2
1987,Mar,65.9,63.1,3944594,3778805,165789,4.2
1987,Apr,66,63.2,3954198,3788007,166191,4.2
1987,May,66.1,63.3,3963004,3796703,166301,4.2
1987,Jun,66.1,63.4,3969545,3803891,165654,4.2
1987,Jul,66.2,63.4,3973396,3809399,163997,4.1
1987,Aug,66.2,63.5,3975294,3813492,161802,4.1
1987,Sep,66.1,63.5,3976196,3816779,159417,4
1987,Oct,66.1,63.5,3976318,3819113,157205,4
1987,Nov,66.1,63.5,3975772,3820656,155116,3.9
1987,Dec,66,63.5,3974316,3821127,153189,3.9
1988,Jan,66,63.5,3972027,3820548,151479,3.8
1988,Feb,65.9,63.4,3969859,3819777,150082,3.8
1988,Mar,65.9,63.4,3968330,3819077,149253,3.8
1988,Apr,65.8,63.3,3967780,3818724,149056,3.8
1988,May,65.8,63.3,3968195,3818867,149328,3.8
1988,Jun,65.8,63.3,3969135,3819320,149815,3.8
1988,Jul,65.8,63.3,3970604,3819959,150645,3.8
1988,Aug,65.8,63.3,3972802,3821033,151769,3.8
1988,Sep,65.9,63.3,3976074,3823152,152922,3.8
1988,Oct,66,63.4,3980504,3826988,153516,3.9
1988,Nov,66,63.5,3985494,3832168,153326,3.8
1988,Dec,66.1,63.6,3989500,3837159,152341,3.8
1989,Jan,66.1,63.7,3991253,3840649,150604,3.8
1989,Feb,66.1,63.7,3989994,3841107,148887,3.7
1989,Mar,66.1,63.6,3986549,3838497,148052,3.7
1989,Apr,66,63.5,3982983,3833913,149070,3.7
1989,May,66,63.5,3981613,3829010,152603,3.8
1989,Jun,66,63.4,3983899,3825415,158484,4
1989,Jul,66.1,63.4,3989301,3823825,165476,4.1
1989,Aug,66.3,63.4,3996287,3824296,171991,4.3
1989,Sep,66.4,63.4,4003458,3826460,176998,4.4
1989,Oct,66.5,63.5,4010333,3830272,180061,4.5
1989,Nov,66.6,63.6,4016782,3835248,181534,4.5
1989,Dec,66.7,63.7,4023291,3840952,182339,4.5
1990,Jan,67.1,64,4030356,3847050,183306,4.5
1990,Feb,67.1,64.1,4037576,3853073,184503,4.6
1990,Mar,67.1,64,4044060,3858139,185921,4.6
1990,Apr,67.1,64,4049193,3861403,187790,4.6
1990,May,67.1,63.9,4053248,3862737,190511,4.7
1990,Jun,67,63.8,4056447,3861971,194476,4.8
1990,Jul,67,63.7,4059393,3859260,200133,4.9
1990,Aug,67,63.6,4062381,3854719,207662,5.1
1990,Sep,67.1,63.5,4064766,3848008,216758,5.3
1990,Oct,67,63.3,4065993,3838973,227020,5.6
1990,Nov,67,63.1,4066418,3829102,237316,5.8
1990,Dec,67,63,4066572,3820015,246557,6.1
1991,Jan,67,62.8,4066741,3812232,254509,6.3
1991,Feb,67,62.7,4067397,3806575,260822,6.4
1991,Mar,67,62.7,4067904,3802866,265038,6.5
1991,Apr,67,62.6,4067459,3800524,266935,6.6
1991,May,67,62.6,4065948,3799039,266909,6.6
1991,Jun,66.9,62.5,4063989,3797709,266280,6.6
1991,Jul,66.9,62.5,4062228,3795633,266595,6.6
1991,Aug,66.8,62.4,4061382,3792256,269126,6.6
1991,Sep,66.8,62.3,4062370,3787782,274588,6.8
1991,Oct,66.8,62.2,4065372,3782710,282662,7
1991,Nov,66.9,62.1,4069566,3777597,291969,7.2
1991,Dec,66.9,62,4073964,3772921,301043,7.4
1992,Jan,67,61.9,4078455,3769153,309302,7.6
1992,Feb,67.1,61.9,4083864,3766342,317522,7.8
1992,Mar,67.2,61.8,4091322,3764952,326370,8
1992,Apr,67.3,61.8,4100677,3764874,335803,8.2
1992,May,67,61.4,4084665,3739794,344871,8.4
1992,Jun,66.8,61.1,4072202,3720229,351973,8.6
1992,Jul,66.6,60.8,4061927,3705837,356090,8.8
1992,Aug,66.4,60.6,4052775,3696124,356651,8.8
1992,Sep,66.3,60.5,4044008,3690303,353705,8.7
1992,Oct,66.1,60.4,4035849,3687574,348275,8.6
1992,Nov,65.9,60.3,4028775,3686466,342309,8.5
1992,Dec,65.8,60.3,4023395,3686315,337080,8.4
1993,Jan,65.7,60.3,4020147,3687656,332491,8.3
1993,Feb,65.7,60.3,4018513,3690615,327898,8.2
1993,Mar,65.7,60.4,4018089,3695117,322972,8
1993,Apr,65.7,60.5,4018570,3700927,317643,7.9
1993,May,65.6,60.5,4019506,3707219,312287,7.8
1993,Jun,65.6,60.6,4020183,3713025,307158,7.6
1993,Jul,65.6,60.7,4019687,3717694,301993,7.5
1993,Aug,65.5,60.7,4018647,3721698,296949,7.4
1993,Sep,65.5,60.7,4018542,3726006,292536,7.3
1993,Oct,65.5,60.8,4019983,3730682,289301,7.2
1993,Nov,65.5,60.8,4023087,3735418,287669,7.2
1993,Dec,65.6,60.9,4027311,3740050,287261,7.1
1994,Jan,65.6,60.9,4031301,3744017,287284,7.1
1994,Feb,65.6,61,4033885,3747013,286872,7.1
1994,Mar,65.6,61,4035169,3749601,285568,7.1
1994,Apr,65.6,61,4036407,3753156,283251,7
1994,May,65.7,61.1,4039547,3759282,280265,6.9
1994,Jun,65.7,61.2,4045887,3768475,277412,6.9
1994,Jul,65.9,61.4,4055447,3780228,275219,6.8
1994,Aug,66,61.6,4066666,3793101,273565,6.7
1994,Sep,66.1,61.7,4077636,3805690,271946,6.7
1994,Oct,66.2,61.9,4086681,3817412,269269,6.6
1994,Nov,66.3,62,4093423,3828101,265322,6.5
1994,Dec,66.4,62.1,4098206,3836875,261331,6.4
1995,Jan,66.4,62.2,4101828,3843110,258718,6.3
1995,Feb,66.4,62.2,4105555,3847336,258219,6.3
1995,Mar,66.5,62.3,4109807,3849918,259889,6.3
1995,Apr,66.5,62.3,4114191,3851167,263024,6.4
1995,May,66.5,62.2,4118462,3852248,266214,6.5
1995,Jun,66.6,62.2,4122382,3854259,268123,6.5
1995,Jul,66.6,62.3,4125828,3857454,268374,6.5
1995,Aug,66.6,62.3,4128540,3861188,267352,6.5
1995,Sep,66.6,62.3,4130493,3864736,265757,6.4
1995,Oct,66.5,62.3,4132549,3867877,264672,6.4
1995,Nov,66.5,62.3,4135262,3870707,264555,6.4
1995,Dec,66.5,62.3,4139211,3873859,265352,6.4
1996,Jan,66.6,62.3,4145119,3878733,266386,6.4
1996,Feb,66.7,62.4,4153193,3886458,266735,6.4
1996,Mar,66.8,62.6,4163258,3897594,265664,6.4
1996,Apr,67,62.7,4174679,3911746,262933,6.3
1996,May,67.1,63,4186732,3927602,259130,6.2
1996,Jun,67.3,63.2,4199186,3943774,255412,6.1
1996,Jul,67.4,63.4,4212156,3959298,252858,6
1996,Aug,67.6,63.5,4225563,3973437,252126,6
1996,Sep,67.7,63.7,4238225,3985172,253053,6
1996,Oct,67.8,63.7,4248706,3994057,254649,6
1996,Nov,67.9,63.8,4256219,4001093,255126,6
1996,Dec,67.9,63.9,4260792,4007877,252915,5.9
1997,Jan,67.9,63.9,4263041,4015019,248022,5.8
1997,Feb,67.9,64,4264045,4022538,241507,5.7
1997,Mar,67.9,64.1,4264848,4030314,234534,5.5
1997,Apr,67.8,64.2,4266430,4037673,228757,5.4
1997,May,67.8,64.2,4268310,4043269,225041,5.3
1997,Jun,67.8,64.3,4269377,4046560,222817,5.2
1997,Jul,67.7,64.2,4268991,4048062,220929,5.2
1997,Aug,67.6,64.2,4267202,4048492,218710,5.1
1997,Sep,67.5,64.1,4264517,4048555,215962,5.1
1997,Oct,67.4,64.1,4261785,4048305,213480,5
1997,Nov,67.4,64,4259393,4047401,211992,5
1997,Dec,67.3,63.9,4257580,4046148,211432,5
1998,Jan,67.2,63.9,4256090,4045063,211027,5
1998,Feb,67.2,63.9,4254301,4044416,209885,4.9
1998,Mar,67.1,63.8,4251326,4043937,207389,4.9
1998,Apr,67,63.8,4247181,4044011,203170,4.8
1998,May,66.9,63.8,4242959,4045144,197815,4.7
1998,Jun,66.8,63.7,4239628,4046992,192636,4.5
1998,Jul,66.7,63.7,4237798,4049153,188645,4.5
1998,Aug,66.7,63.7,4238049,4052116,185933,4.4
1998,Sep,66.6,63.8,4240673,4056337,184336,4.3
1998,Oct,66.7,63.8,4245209,4061927,183282,4.3
1998,Nov,66.7,63.8,4250974,4068087,182887,4.3
1998,Dec,66.8,63.9,4257388,4073565,183823,4.3
1999,Jan,66.8,63.9,4264030,4077700,186330,4.4
1999,Feb,66.9,63.9,4271320,4080615,190705,4.5
1999,Mar,67,63.9,4279532,4083063,196469,4.6
1999,Apr,67.1,63.9,4287782,4085454,202328,4.7
1999,May,67.2,64,4294565,4087937,206628,4.8
1999,Jun,67.2,64,4298955,4090997,207958,4.8
1999,Jul,67.2,64,4300254,4094457,205797,4.8
1999,Aug,67.1,64,4298440,4098167,200273,4.7
1999,Sep,67,64,4294910,4102406,192504,4.5
1999,Oct,66.9,64,4291566,4107519,184047,4.3
1999,Nov,66.9,64.1,4290065,4114146,175919,4.1
1999,Dec,66.8,64.2,4290658,4121734,168924,3.9
2000,Jan,66.8,64.3,4292278,4128971,163307,3.8
2000,Feb,66.8,64.3,4292831,4134282,158549,3.7
2000,Mar,66.8,64.4,4291454,4136512,154942,3.6
2000,Apr,66.7,64.4,4288575,4135524,153051,3.6
2000,May,66.6,64.3,4284575,4131803,152772,3.6
2000,Jun,66.5,64.1,4280052,4125998,154054,3.6
2000,Jul,66.4,64,4276328,4119877,156451,3.7
2000,Aug,66.3,63.8,4274539,4115282,159257,3.7
2000,Sep,66.3,63.8,4274273,4112798,161475,3.8
2000,Oct,66.2,63.7,4274352,4112238,162114,3.8
2000,Nov,66.2,63.7,4273777,4112517,161260,3.8
2000,Dec,66.1,63.6,4272154,4112706,159448,3.7
2001,Jan,66,63.6,4269917,4112090,157827,3.7
2001,Feb,66,63.5,4267966,4110692,157274,3.7
2001,Mar,65.9,63.5,4266725,4108734,157991,3.7
2001,Apr,65.9,63.4,4266449,4106212,160237,3.8
2001,May,65.9,63.3,4268732,4104333,164399,3.9
2001,Jun,65.9,63.3,4274391,4103949,170442,4
2001,Jul,66,63.2,4282973,4104800,178173,4.2
2001,Aug,66.1,63.2,4292974,4105420,187554,4.4
2001,Sep,66.2,63.2,4303564,4105422,198142,4.6
2001,Oct,66.3,63.1,4314491,4105114,209377,4.9
2001,Nov,66.4,63.1,4324811,4104342,220469,5.1
2001,Dec,66.6,63,4333824,4103245,230579,5.3
2002,Jan,66.6,63,4341107,4102023,239084,5.5
2002,Feb,66.7,62.9,4345884,4100218,245666,5.7
2002,Mar,66.7,62.8,4347820,4097687,250133,5.8
2002,Apr,66.6,62.8,4347948,4095751,252197,5.8
2002,May,66.6,62.7,4347336,4095001,252335,5.8
2002,Jun,66.5,62.7,4346669,4095257,251412,5.8
2002,Jul,66.5,62.7,4346306,4095762,250544,5.8
2002,Aug,66.4,62.6,4346687,4096141,250546,5.8
2002,Sep,66.4,62.6,4347648,4095879,251769,5.8
2002,Oct,66.4,62.5,4347893,4094103,253790,5.8
2002,Nov,66.3,62.4,4347103,4091489,255614,5.9
2002,Dec,66.3,62.4,4345413,4088946,256467,5.9
2003,Jan,66.2,62.3,4343689,4087213,256476,5.9
2003,Feb,66.2,62.3,4343392,4086971,256421,5.9
2003,Mar,66.2,62.3,4344759,4087842,256917,5.9
2003,Apr,66.2,62.3,4346427,4088202,258225,5.9
2003,May,66.2,62.2,4347226,4087151,260075,6
2003,Jun,66.2,62.2,4347355,4085923,261432,6
2003,Jul,66.1,62.1,4347002,4086056,260946,6
2003,Aug,66.1,62.2,4346536,4088342,258194,5.9
2003,Sep,66,62.2,4346504,4093080,253424,5.8
2003,Oct,66,62.3,4347632,4100087,247545,5.7
2003,Nov,66,62.4,4350045,4108209,241836,5.6
2003,Dec,66.1,62.5,4352819,4115943,236876,5.4
2004,Jan,66.1,62.5,4354721,4122215,232506,5.3
2004,Feb,66.1,62.6,4355270,4126794,228476,5.2
2004,Mar,66.1,62.6,4355081,4130310,224771,5.2
2004,Apr,66,62.7,4354340,4133357,220983,5.1
2004,May,66,62.7,4352853,4135977,216876,5
2004,Jun,65.9,62.7,4350727,4138128,212599,4.9
2004,Jul,65.9,62.7,4348396,4140092,208304,4.8
2004,Aug,65.8,62.7,4345724,4142063,203661,4.7
2004,Sep,65.7,62.7,4342729,4143879,198850,4.6
2004,Oct,65.6,62.7,4340253,4145345,194908,4.5
2004,Nov,65.6,62.7,4339074,4146929,192145,4.4
2004,Dec,65.6,62.7,4340406,4149802,190604,4.4
2005,Jan,65.7,62.8,4344720,4154820,189900,4.4
2005,Feb,65.7,62.9,4351286,4162015,189271,4.3
2005,Mar,65.8,63,4359408,4171297,188111,4.3
2005,Apr,66,63.2,4368983,4182298,186685,4.3
2005,May,66.1,63.3,4379679,4194121,185558,4.2
2005,Jun,66.3,63.4,4390571,4204676,185895,4.2
2005,Jul,66.4,63.5,4400906,4211674,189232,4.3
2005,Aug,66.5,63.6,4409885,4214483,195402,4.4
2005,Sep,66.6,63.5,4416958,4214091,202867,4.6
2005,Oct,66.5,63.4,4421945,4212665,209280,4.7
2005,Nov,66.6,63.4,4425361,4211802,213559,4.8
2005,Dec,66.6,63.3,4427912,4212013,215899,4.9
2006,Jan,66.6,63.4,4430373,4213782,216591,4.9
2006,Feb,66.6,63.4,4433166,4216824,216342,4.9
2006,Mar,66.7,63.4,4436522,4220327,216195,4.9
2006,Apr,66.7,63.5,4440268,4223517,216751,4.9
2006,May,66.8,63.5,4443827,4226416,217411,4.9
2006,Jun,66.8,63.6,4446630,4229397,217233,4.9
2006,Jul,66.8,63.6,4449062,4233864,215198,4.8
2006,Aug,66.9,63.7,4451748,4240204,211544,4.8
2006,Sep,66.9,63.8,4454252,4247278,206974,4.6
2006,Oct,66.8,63.8,4455606,4253916,201690,4.5
2006,Nov,66.8,63.9,4454945,4258664,196281,4.4
2006,Dec,66.7,63.9,4451558,4260259,191299,4.3
2007,Jan,66.6,63.8,4445925,4258388,187537,4.2
2007,Feb,66.5,63.7,4439697,4254200,185497,4.2
2007,Mar,66.4,63.6,4433944,4249179,184765,4.2
2007,Apr,66.3,63.6,4429830,4245010,184820,4.2
2007,May,66.3,63.5,4428313,4242768,185545,4.2
2007,Jun,66.3,63.5,4429514,4242879,186635,4.2
2007,Jul,66.3,63.5,4432808,4244929,187879,4.2
2007,Aug,66.3,63.5,4438114,4248446,189668,4.3
2007,Sep,66.4,63.6,4445586,4253499,192087,4.3
2007,Oct,66.5,63.6,4454713,4259401,195312,4.4
2007,Nov,66.6,63.7,4464432,4265813,198619,4.4
2007,Dec,66.7,63.7,4473642,4272185,201457,4.5
2008,Jan,66.8,63.8,4481065,4276959,204106,4.6
2008,Feb,66.9,63.8,4485997,4279348,206649,4.6
2008,Mar,66.9,63.8,4489109,4279335,209774,4.7
2008,Apr,66.9,63.7,4491622,4277351,214271,4.8
2008,May,66.9,63.7,4494916,4274499,220417,4.9
2008,Jun,67,63.6,4499707,4271786,227921,5.1
2008,Jul,67,63.5,4505474,4269183,236291,5.2
2008,Aug,67.1,63.4,4511286,4265739,245547,5.4
2008,Sep,67.1,63.3,4516599,4259747,256852,5.7
2008,Oct,67.1,63.1,4521482,4249792,271690,6
2008,Nov,67.2,62.8,4526135,4235483,290652,6.4
2008,Dec,67.2,62.6,4531044,4218207,312837,6.9
2009,Jan,67.2,62.3,4536585,4200201,336384,7.4
2009,Feb,67.3,62,4543195,4183717,359478,7.9
2009,Mar,67.4,61.8,4550569,4170687,379882,8.3
2009,Apr,67.5,61.6,4557454,4161261,396193,8.7
2009,May,67.5,61.4,4561990,4153141,408849,9
2009,Jun,67.5,61.3,4563335,4144441,418894,9.2
2009,Jul,67.4,61.1,4561427,4134146,427281,9.4
2009,Aug,67.3,60.9,4556810,4122578,434232,9.5
2009,Sep,67.2,60.7,4551022,4111578,439444,9.7
2009,Oct,67,60.5,4545581,4102786,442795,9.7
2009,Nov,67,60.4,4542865,4098084,444781,9.8
2009,Dec,66.9,60.4,4544433,4098646,445787,9.8
2010,Jan,67,60.4,4549452,4104096,445356,9.8
2010,Feb,67,60.5,4555278,4112020,443258,9.7
2010,Mar,67.1,60.6,4559927,4119791,440136,9.7
2010,Apr,66.4,60.1,4562426,4125865,436561,9.6
2010,May,66.4,60.1,4562235,4129579,432656,9.5
2010,Jun,66.3,60.1,4559450,4130185,429265,9.4
2010,Jul,66.2,60,4555437,4128028,427409,9.4
2010,Aug,66.1,59.9,4551948,4124659,427289,9.4
2010,Sep,66.1,59.8,4549867,4121354,428513,9.4
2010,Oct,66,59.8,4549879,4119800,430079,9.5
2010,Nov,66,59.8,4551299,4120337,430962,9.5
2010,Dec,66,59.8,4553174,4122269,430905,9.5
2011,Jan,66,59.8,4555359,4125018,430341,9.4
2011,Feb,66,59.8,4557018,4127495,429523,9.4
2011,Mar,66,59.8,4557107,4128833,428274,9.4
2011,Apr,66,59.8,4556028,4128987,427041,9.4
2011,May,65.9,59.7,4555600,4129075,426525,9.4
2011,Jun,65.9,59.7,4557176,4130621,426555,9.4
2011,Jul,65.9,59.8,4561230,4134490,426740,9.4
2011,Aug,66,59.8,4566927,4140177,426750,9.3
2011,Sep,66,59.9,4572793,4146653,426140,9.3
2011,Oct,66.1,59.9,4577450,4152800,424650,9.3
2011,Nov,66.1,60,4579959,4157197,422762,9.2
2011,Dec,66.1,60,4580274,4158972,421302,9.2
2012,Jan,66,60,4579827,4158773,421054,9.2
2012,Feb,66,59.9,4580547,4157820,422727,9.2
2012,Mar,66,59.9,4582440,4155993,426447,9.3
2012,Apr,66,59.8,4584234,4153426,430808,9.4
2012,May,66,59.8,4585463,4151747,433716,9.5
2012,Jun,66,59.8,4586476,4152120,434356,9.5
2012,Jul,66,59.8,4587732,4154797,432935,9.4
2012,Aug,66,59.8,4590156,4159373,430783,9.4
2012,Sep,66.1,59.9,4594086,4164815,429271,9.3
2012,Oct,66.1,59.9,4597516,4169473,428043,9.3
2012,Nov,66.1,59.9,4598151,4172301,425850,9.3
2012,Dec,66,59.9,4594449,4172901,421548,9.2
2013,Jan,66,60,4594280,4178849,415431,9
2013,Feb,65.8,60,4584049,4176045,408004,8.9
2013,Mar,65.7,59.9,4574555,4174535,400020,8.7
2013,Apr,65.6,59.9,4567974,4175392,392582,8.6
2013,May,65.5,59.9,4563611,4176838,386773,8.5
2013,Jun,65.4,59.9,4559345,4177318,382027,8.4
2013,Jul,65.3,59.9,4552908,4176414,376494,8.3
2013,Aug,65.1,59.8,4542657,4174222,368435,8.1
2013,Sep,64.9,59.8,4529217,4171484,357733,7.9
2013,Oct,64.7,59.7,4516243,4169309,346934,7.7
2013,Nov,64.5,59.7,4507052,4169278,337774,7.5
2013,Dec,64.5,59.7,4502856,4172420,330436,7.3
2014,Jan,63.9,59.3,4467170,4145028,322142,7.2
2014,Feb,64,59.4,4468826,4153001,315825,7.1
2014,Mar,64,59.6,4471808,4161622,310186,6.9
2014,Apr,64,59.7,4474887,4169393,305494,6.8
2014,May,64.1,59.7,4477992,4176500,301492,6.7
2014,Jun,64.1,59.8,4482119,4183543,298576,6.7
2014,Jul,64.2,59.9,4487413,4190050,297363,6.6
2014,Aug,64.2,60,4493750,4195985,297765,6.6
2014,Sep,64.3,60,4500035,4201222,298813,6.6
2014,Oct,64.3,60.1,4504389,4205462,298927,6.6
2014,Nov,64.3,60.1,4505707,4208297,297410,6.6
2014,Dec,64.3,60.1,4505141,4210147,294994,6.5
2015,Jan,64.3,60.1,4501741,4209904,291837,6.5
2015,Feb,64.2,60.1,4500552,4211785,288767,6.4
2015,Mar,64.2,60.2,4499373,4214616,284757,6.3
2015,Apr,64.2,60.2,4497565,4218352,279213,6.2
2015,May,64.1,60.2,4494259,4222145,272114,6.1
2015,Jun,64,60.3,4489166,4225326,263840,5.9
2015,Jul,63.9,60.3,4483529,4228258,255271,5.7
2015,Aug,63.9,60.3,4478486,4231467,247019,5.5
2015,Sep,63.8,60.4,4474724,4235571,239153,5.3
2015,Oct,63.7,60.4,4473418,4241085,232333,5.2
2015,Nov,63.8,60.5,4474986,4247347,227639,5.1
2015,Dec,63.8,60.6,4478075,4252744,225331,5
2016,Jan,63.8,60.6,4480839,4255861,224978,5
2016,Feb,63.8,60.6,4482215,4256223,225992,5
2016,Mar,63.8,60.6,4481577,4254203,227374,5.1
2016,Apr,63.8,60.5,4479689,4251164,228525,5.1
2016,May,63.7,60.5,4477760,4248677,229083,5.1
2016,Jun,63.7,60.4,4475906,4247446,228460,5.1
2016,Jul,63.7,60.4,4473967,4247606,226361,5.1
2016,Aug,63.6,60.4,4472131,4248751,223380,5
2016,Sep,63.6,60.4,4470616,4250177,220439,4.9
2016,Oct,63.5,60.4,4468604,4251355,217249,4.9
2016,Nov,63.4,60.4,4465906,4252582,213324,4.8
2016,Dec,63.4,60.4,4463317,4254125,209192,4.7
2017,Jan,63.3,60.4,4461746,4256013,205733,4.6
2017,Feb,63.3,60.4,4461245,4257961,203284,4.6
2017,Mar,63.3,60.5,4461144,4258943,202201,4.5
2017,Apr,63.3,60.4,4461194,4258672,202522,4.5
2017,May,63.3,60.4,4460983,4257252,203731,4.6
2017,Jun,63.3,60.3,4460352,4254705,205647,4.6
2017,Jul,63.2,60.3,4459059,4251211,207848,4.7
2017,Aug,63.2,60.2,4456259,4246868,209391,4.7
2017,Sep,63.1,60.1,4451899,4242119,209780,4.7
2017,Oct,63,60,4446491,4237472,209019,4.7
2017,Nov,62.9,60,4440412,4233062,207350,4.7
2017,Dec,62.8,59.9,4434158,4229695,204463,4.6
2018,Jan,62.7,59.9,4429148,4228216,200932,4.5
2018,Feb,62.7,59.9,4426833,4229220,197613,4.5
2018,Mar,62.7,60,4427229,4232626,194603,4.4
2018,Apr,62.7,60,4428470,4236980,191490,4.3
2018,May,62.7,60.1,4429065,4241062,188003,4.2
2018,Jun,62.7,60.1,4428816,4245082,183734,4.1
2018,Jul,62.7,60.2,4428176,4249462,178714,4
2018,Aug,62.7,60.2,4428823,4254763,174060,3.9
2018,Sep,62.7,60.3,4431853,4261271,170582,3.8
2018,Oct,62.8,60.4,4437542,4268824,168718,3.8
2018,Nov,62.9,60.5,4445042,4277081,167961,3.8
2018,Dec,63,60.6,4452190,4284903,167287,3.8
2019,Jan,63.1,60.7,4456587,4291177,165410,3.7
2019,Feb,63.1,60.8,4457146,4295671,161475,3.6
2019,Mar,63,60.8,4455781,4299568,156213,3.5
2019,Apr,63,60.9,4455716,4304824,150892,3.4
2019,May,63.1,61,4459791,4312707,147084,3.3
2019,Jun,63.2,61.2,4469516,4323243,146273,3.3
2019,Jul,63.5,61.3,4486272,4336736,149536,3.3
2019,Aug,63.7,61.5,4505661,4350169,155492,3.5
2019,Sep,64,61.7,4523734,4361752,161982,3.6
2019,Oct,64.1,61.8,4536222,4369115,167107,3.7
2019,Nov,64.1,61.7,4537131,4368963,168168,3.7
2019,Dec,64.1,61.7,4535046,4367342,167704,3.7
2020,Jan,64.3,61.9,4551684,4379423,172261,3.8
2020,Feb,64.5,62,4564128,4390255,173873,3.8
2020,Mar,64.8,62.5,4588196,4419828,168368,3.7
2020,Apr,63.4,53,4483327,3751422,731905,16.3
2020,May,64,54.2,4531245,3835528,695717,15.4
2020,Jun,64.3,53.4,4548773,3782601,766172,16.8
2020,Jul,64.8,55.6,4589169,3937803,651366,14.2
2020,Aug,64.7,57.5,4578368,4068399,509969,11.1
2020,Sep,61.4,57.3,4349416,4056187,293229,6.7
