Year,Period,labor force participation rate,employment-population ratio,labor force,employment,unemployment,unemployment rate
1976,Jan,61.8,56.8,4756109,4371860,384249,8.1
1976,Feb,61.7,56.7,4756607,4371539,385068,8.1
1976,Mar,61.7,56.7,4757822,4372663,385159,8.1
1976,Apr,61.7,56.7,4757433,4376405,381028,8
1976,May,61.6,56.7,4755323,4380800,374523,7.9
1976,Jun,61.5,56.8,4752606,4385437,367169,7.7
1976,Jul,61.4,56.8,4749372,4388313,361059,7.6
1976,Aug,61.4,56.7,4747542,4390667,356875,7.5
1976,Sep,61.3,56.7,4749246,4393809,355437,7.5
1976,Oct,61.4,56.7,4756134,4398147,357987,7.5
1976,Nov,61.4,56.8,4766906,4404513,362393,7.6
1976,Dec,61.5,56.8,4778882,4414046,364836,7.6
1977,Jan,61.6,57,4790642,4427206,363436,7.6
1977,Feb,61.7,57.1,4800915,4443426,357489,7.4
1977,Mar,61.7,57.3,4808369,4461344,347025,7.2
1977,Apr,61.7,57.5,4813381,4479849,333532,6.9
1977,May,61.7,57.7,4817529,4497884,319645,6.6
1977,Jun,61.8,57.8,4822966,4515022,307944,6.4
1977,Jul,61.8,58,4831709,4531306,300403,6.2
1977,Aug,61.9,58.1,4843433,4546423,297010,6.1
1977,Sep,62,58.2,4854501,4559945,294556,6.1
1977,Oct,62,58.3,4861673,4571153,290520,6
1977,Nov,62,58.4,4865487,4579684,285803,5.9
1977,Dec,62,58.4,4868084,4586443,281641,5.8
1978,Jan,62,58.5,4872244,4594565,277679,5.7
1978,Feb,62.1,58.6,4880654,4606576,274078,5.6
1978,Mar,62.2,58.7,4894484,4623072,271412,5.5
1978,Apr,62.4,58.9,4912445,4642786,269659,5.5
1978,May,62.6,59.2,4931885,4663393,268492,5.4
1978,Jun,62.7,59.3,4949554,4682446,267108,5.4
1978,Jul,62.9,59.5,4963666,4698110,265556,5.3
1978,Aug,63,59.6,4975739,4710535,265204,5.3
1978,Sep,63.1,59.7,4988569,4721534,267035,5.4
1978,Oct,63.3,59.8,5004296,4733668,270628,5.4
1978,Nov,63.5,60,5022376,4747307,275069,5.5
1978,Dec,63.6,60.1,5039574,4759682,279892,5.6
1979,Jan,63.8,60.2,5052104,4767944,284160,5.6
1979,Feb,63.8,60.2,5057785,4771024,286761,5.7
1979,Mar,63.7,60.1,5057075,4769330,287745,5.7
1979,Apr,63.7,60,5052760,4764425,288335,5.7
1979,May,63.6,59.9,5048724,4759176,289548,5.7
1979,Jun,63.5,59.8,5047381,4755113,292268,5.8
1979,Jul,63.5,59.8,5049262,4753509,295753,5.9
1979,Aug,63.5,59.8,5053443,4754171,299272,5.9
1979,Sep,63.6,59.8,5058005,4755595,302410,6
1979,Oct,63.5,59.7,5059841,4756296,303545,6
1979,Nov,63.5,59.7,5057914,4755289,302625,6
1979,Dec,63.4,59.6,5054867,4751575,303292,6
1980,Jan,63.4,59.5,5053919,4743072,310847,6.2
1980,Feb,63.4,59.3,5057615,4728275,329340,6.5
1980,Mar,63.5,59,5066859,4707653,359206,7.1
1980,Apr,63.6,58.7,5079532,4683514,396018,7.8
1980,May,63.7,58.3,5092410,4659273,433137,8.5
1980,Jun,63.9,58.1,5102984,4639458,463526,9.1
1980,Jul,63.9,57.9,5108231,4627034,481197,9.4
1980,Aug,63.8,57.8,5107295,4622645,484650,9.5
1980,Sep,63.8,57.8,5102881,4624726,478155,9.4
1980,Oct,63.7,57.8,5099065,4629925,469140,9.2
1980,Nov,63.6,57.9,5098354,4636073,462281,9.1
1980,Dec,63.7,57.9,5101147,4642817,458330,9
1981,Jan,63.7,58,5105959,4649270,456689,8.9
1981,Feb,63.7,58,5109824,4654340,455484,8.9
1981,Mar,63.7,58,5110909,4657956,452953,8.9
1981,Apr,63.6,58,5108473,4659060,449413,8.8
1981,May,63.5,58,5103083,4656242,446841,8.8
1981,Jun,63.4,57.9,5097219,4649148,448071,8.8
1981,Jul,63.4,57.7,5094120,4637601,456519,9
1981,Aug,63.4,57.5,5094454,4622209,472245,9.3
1981,Sep,63.4,57.3,5097369,4604683,492686,9.7
1981,Oct,63.5,57,5102884,4586749,516135,10.1
1981,Nov,63.5,56.8,5109721,4568619,541102,10.6
1981,Dec,63.6,56.6,5116666,4551217,565449,11.1
1982,Jan,63.7,56.4,5122760,4536704,586056,11.4
1982,Feb,63.7,56.3,5127637,4525632,602005,11.7
1982,Mar,63.8,56.1,5130334,4516492,613842,12
1982,Apr,63.8,56,5131297,4508312,622985,12.1
1982,May,63.8,55.9,5130647,4500022,630625,12.3
1982,Jun,63.7,55.8,5128175,4489819,638356,12.4
1982,Jul,63.7,55.6,5125306,4476785,648521,12.7
1982,Aug,63.7,55.4,5124030,4461415,662615,12.9
1982,Sep,63.7,55.2,5124723,4444807,679916,13.3
1982,Oct,63.7,55.1,5125812,4428764,697048,13.6
1982,Nov,63.7,54.9,5125879,4415705,710174,13.9
1982,Dec,63.7,54.8,5122541,4406230,716311,14
1983,Jan,63.6,54.7,5115824,4400187,715637,14
1983,Feb,63.6,54.7,5107749,4399171,708578,13.9
1983,Mar,63.5,54.8,5100351,4404167,696184,13.6
1983,Apr,63.4,55,5096177,4415335,680842,13.4
1983,May,63.4,55.2,5096167,4431858,664309,13
1983,Jun,63.5,55.4,5099119,4452208,646911,12.7
1983,Jul,63.5,55.7,5102172,4474433,627739,12.3
1983,Aug,63.5,56,5102508,4495460,607048,11.9
1983,Sep,63.5,56.2,5098442,4513153,585289,11.5
1983,Oct,63.4,56.4,5090556,4527151,563405,11.1
1983,Nov,63.3,56.5,5081358,4537774,543584,10.7
1983,Dec,63.2,56.6,5074636,4546696,527940,10.4
1984,Jan,63.1,56.7,5072272,4556396,515876,10.2
1984,Feb,63.2,56.9,5074202,4567838,506364,10
1984,Mar,63.2,57,5080095,4580839,499256,9.8
1984,Apr,63.3,57.2,5087375,4594302,493073,9.7
1984,May,63.4,57.3,5094297,4606939,487358,9.6
1984,Jun,63.5,57.5,5099647,4617839,481808,9.4
1984,Jul,63.5,57.6,5102872,4626707,476165,9.3
1984,Aug,63.5,57.6,5105135,4633877,471258,9.2
1984,Sep,63.5,57.7,5107317,4639313,468004,9.2
1984,Oct,63.5,57.7,5109657,4643855,465802,9.1
1984,Nov,63.5,57.7,5112655,4649289,463366,9.1
1984,Dec,63.5,57.8,5116617,4656456,460161,9
1985,Jan,63.6,57.9,5120826,4664168,456658,8.9
1985,Feb,63.6,57.9,5124709,4670536,454173,8.9
1985,Mar,63.6,58,5127704,4674812,452892,8.8
1985,Apr,63.6,58,5130600,4677442,453158,8.8
1985,May,63.6,58,5135147,4679665,455482,8.9
1985,Jun,63.7,58,5142712,4682859,459853,8.9
1985,Jul,63.8,58,5153356,4687855,465501,9
1985,Aug,63.9,58.1,5165095,4696142,468953,9.1
1985,Sep,64.1,58.3,5176451,4708342,468109,9
1985,Oct,64.2,58.4,5185955,4722582,463373,8.9
1985,Nov,64.2,58.6,5192031,4736278,455753,8.8
1985,Dec,64.2,58.7,5194640,4747435,447205,8.6
1986,Jan,64.2,58.8,5196110,4755702,440408,8.5
1986,Feb,64.3,58.9,5198954,4762363,436591,8.4
1986,Mar,64.3,58.9,5203986,4768519,435467,8.4
1986,Apr,64.4,59,5211057,4774741,436316,8.4
1986,May,64.5,59.1,5218611,4781117,437494,8.4
1986,Jun,64.5,59.1,5225407,4787755,437652,8.4
1986,Jul,64.6,59.2,5230665,4794538,436127,8.3
1986,Aug,64.6,59.2,5234520,4800869,433651,8.3
1986,Sep,64.6,59.3,5237875,4806816,431059,8.2
1986,Oct,64.6,59.3,5241897,4813354,428543,8.2
1986,Nov,64.6,59.4,5246652,4820393,426259,8.1
1986,Dec,64.6,59.4,5251892,4828506,423386,8.1
1987,Jan,64.6,59.5,5256723,4837622,419101,8
1987,Feb,64.6,59.6,5259758,4846662,413096,7.9
1987,Mar,64.6,59.6,5261141,4855148,405993,7.7
1987,Apr,64.6,59.7,5260376,4862867,397509,7.6
1987,May,64.5,59.7,5257366,4870027,387339,7.4
1987,Jun,64.4,59.8,5253495,4877266,376229,7.2
1987,Jul,64.3,59.8,5250912,4885876,365036,7
1987,Aug,64.3,59.9,5251002,4896483,354519,6.8
1987,Sep,64.3,60,5254117,4908834,345283,6.6
1987,Oct,64.3,60.1,5260060,4921268,338792,6.4
1987,Nov,64.3,60.2,5268896,4932926,335970,6.4
1987,Dec,64.4,60.3,5279385,4942876,336509,6.4
1988,Jan,64.5,60.4,5288997,4950802,338195,6.4
1988,Feb,64.5,60.4,5296278,4957946,338332,6.4
1988,Mar,64.5,60.4,5300644,4965103,335541,6.3
1988,Apr,64.5,60.5,5303601,4973053,330548,6.2
1988,May,64.5,60.6,5307022,4982223,324799,6.1
1988,Jun,64.5,60.6,5311600,4992026,319574,6
1988,Jul,64.5,60.7,5317450,5001330,316120,5.9
1988,Aug,64.6,60.8,5324762,5009895,314867,5.9
1988,Sep,64.7,60.9,5332888,5018570,314318,5.9
1988,Oct,64.8,61,5340410,5028765,311645,5.8
1988,Nov,64.8,61.1,5346076,5040728,305348,5.7
1988,Dec,64.8,61.3,5349172,5052919,296253,5.5
1989,Jan,64.9,61.4,5350945,5063983,286962,5.4
1989,Feb,64.9,61.5,5352865,5072227,280638,5.2
1989,Mar,64.9,61.5,5355800,5077685,278115,5.2
1989,Apr,64.9,61.5,5359867,5080978,278889,5.2
1989,May,65,61.5,5365453,5082588,282865,5.3
1989,Jun,65.1,61.5,5373356,5083535,289821,5.4
1989,Jul,65.2,61.5,5382871,5084291,298580,5.5
1989,Aug,65.3,61.5,5392631,5084712,307919,5.7
1989,Sep,65.3,61.5,5401220,5084741,316479,5.9
1989,Oct,65.4,61.5,5406978,5085249,321729,6
1989,Nov,65.4,61.5,5409178,5086895,322283,6
1989,Dec,65.4,61.5,5409696,5090695,319001,5.9
1990,Jan,66.2,62.4,5410159,5097238,312921,5.8
1990,Feb,66.1,62.4,5411178,5105580,305598,5.6
1990,Mar,66.1,62.4,5413372,5113518,299854,5.5
1990,Apr,66,62.4,5416801,5119277,297524,5.5
1990,May,65.9,62.3,5420442,5122551,297891,5.5
1990,Jun,65.8,62.2,5422478,5123153,299325,5.5
1990,Jul,65.7,62.1,5423176,5122125,301051,5.6
1990,Aug,65.7,62,5422875,5120356,302519,5.6
1990,Sep,65.7,62,5421762,5117028,304734,5.6
1990,Oct,65.6,61.8,5422056,5111149,310907,5.7
1990,Nov,65.6,61.7,5425152,5103543,321609,5.9
1990,Dec,65.6,61.6,5429241,5095021,334220,6.2
1991,Jan,65.6,61.4,5432610,5085766,346844,6.4
1991,Feb,65.6,61.3,5435009,5077682,357327,6.6
1991,Mar,65.6,61.2,5435344,5072190,363154,6.7
1991,Apr,65.6,61.2,5433409,5069981,363428,6.7
1991,May,65.5,61.2,5430397,5071146,359251,6.6
1991,Jun,65.4,61.2,5427431,5075115,352316,6.5
1991,Jul,65.4,61.2,5424981,5080180,344801,6.4
1991,Aug,65.3,61.2,5424650,5084859,339791,6.3
1991,Sep,65.3,61.2,5428330,5088624,339706,6.3
1991,Oct,65.4,61.2,5435266,5090444,344822,6.3
1991,Nov,65.5,61.2,5444391,5090231,354160,6.5
1991,Dec,65.6,61.2,5455521,5089390,366131,6.7
1992,Jan,65.7,61.2,5468594,5089489,379105,6.9
1992,Feb,65.9,61.2,5482535,5091088,391447,7.1
1992,Mar,66,61.2,5496615,5094679,401936,7.3
1992,Apr,66.1,61.2,5509331,5099255,410076,7.4
1992,May,66.2,61.2,5518115,5102741,415374,7.5
1992,Jun,66.2,61.2,5521744,5103893,417851,7.6
1992,Jul,66.2,61.2,5520413,5102481,417932,7.6
1992,Aug,66.1,61.1,5515178,5099419,415759,7.5
1992,Sep,65.9,61,5508082,5096369,411713,7.5
1992,Oct,65.8,60.9,5501582,5095353,406229,7.4
1992,Nov,65.7,60.9,5496387,5096118,400269,7.3
1992,Dec,65.6,60.9,5492288,5097846,394442,7.2
1993,Jan,65.5,60.9,5488855,5100563,388292,7.1
1993,Feb,65.5,60.9,5485748,5104012,381736,7
1993,Mar,65.4,61,5483486,5108460,375026,6.8
1993,Apr,65.4,61,5482876,5114777,368099,6.7
1993,May,65.4,61.1,5485135,5122794,362341,6.6
1993,Jun,65.4,61.1,5490638,5131641,358997,6.5
1993,Jul,65.5,61.2,5497930,5140282,357648,6.5
1993,Aug,65.5,61.3,5505353,5148077,357276,6.5
1993,Sep,65.6,61.3,5512303,5155572,356731,6.5
1993,Oct,65.6,61.4,5519375,5163552,355823,6.4
1993,Nov,65.7,61.5,5527505,5172462,355043,6.4
1993,Dec,65.8,61.6,5536611,5182613,353998,6.4
1994,Jan,65.9,61.7,5545039,5193443,351596,6.3
1994,Feb,65.9,61.8,5550710,5203392,347318,6.3
1994,Mar,65.9,61.9,5552436,5210562,341874,6.2
1994,Apr,65.9,61.9,5550476,5214576,335900,6.1
1994,May,65.8,61.9,5546585,5217403,329182,5.9
1994,Jun,65.8,61.9,5542982,5221697,321285,5.8
1994,Jul,65.7,62,5541695,5229780,311915,5.6
1994,Aug,65.7,62.1,5542992,5242222,300770,5.4
1994,Sep,65.7,62.3,5545416,5257568,287848,5.2
1994,Oct,65.7,62.4,5547166,5273969,273197,4.9
1994,Nov,65.6,62.6,5548433,5289968,258465,4.7
1994,Dec,65.6,62.7,5549831,5302904,246927,4.4
1995,Jan,65.6,62.8,5551915,5310778,241137,4.3
1995,Feb,65.7,62.8,5555847,5314355,241492,4.3
1995,Mar,65.7,62.8,5562169,5315303,246866,4.4
1995,Apr,65.8,62.8,5570600,5315273,255327,4.6
1995,May,65.9,62.7,5580164,5315834,264330,4.7
1995,Jun,65.9,62.7,5589736,5317856,271880,4.9
1995,Jul,66,62.7,5598452,5321259,277193,5
1995,Aug,66.1,62.7,5605560,5324796,280764,5
1995,Sep,66.1,62.7,5610804,5327515,283289,5
1995,Oct,66.1,62.7,5614038,5328824,285214,5.1
1995,Nov,66.1,62.7,5614589,5328667,285922,5.1
1995,Dec,66,62.7,5613439,5328054,285385,5.1
1996,Jan,66,62.7,5613163,5328691,284472,5.1
1996,Feb,66,62.7,5615771,5331806,283965,5.1
1996,Mar,66.1,62.7,5621900,5338191,283709,5
1996,Apr,66.1,62.8,5630367,5347209,283158,5
1996,May,66.2,62.9,5639401,5357440,281961,5
1996,Jun,66.3,63,5647563,5367315,280248,5
1996,Jul,66.3,63.1,5653949,5375370,278579,4.9
1996,Aug,66.4,63.1,5658635,5381219,277416,4.9
1996,Sep,66.4,63.1,5661872,5384260,277612,4.9
1996,Oct,66.4,63.1,5664673,5384572,280101,4.9
1996,Nov,66.4,63,5668201,5383904,284297,5
1996,Dec,66.4,63,5672683,5384511,288172,5.1
1997,Jan,66.5,63.1,5677353,5387758,289595,5.1
1997,Feb,66.5,63.2,5680985,5393991,286994,5.1
1997,Mar,66.5,63.3,5683049,5403191,279858,4.9
1997,Apr,66.6,63.4,5684780,5414520,270260,4.8
1997,May,66.6,63.5,5686861,5425890,260971,4.6
1997,Jun,66.6,63.6,5689745,5435731,254014,4.5
1997,Jul,66.6,63.7,5694278,5443764,250514,4.4
1997,Aug,66.7,63.7,5700403,5449751,250652,4.4
1997,Sep,66.7,63.8,5706454,5453785,252669,4.4
1997,Oct,66.7,63.8,5710932,5455965,254967,4.5
1997,Nov,66.7,63.7,5711966,5456103,255863,4.5
1997,Dec,66.7,63.7,5709358,5455242,254116,4.5
1998,Jan,66.6,63.7,5704397,5454489,249908,4.4
1998,Feb,66.6,63.7,5699395,5454311,245084,4.3
1998,Mar,66.5,63.7,5696009,5454260,241749,4.2
1998,Apr,66.5,63.7,5695066,5454588,240478,4.2
1998,May,66.5,63.7,5697243,5455821,241422,4.2
1998,Jun,66.5,63.7,5702012,5457692,244320,4.3
1998,Jul,66.6,63.7,5707855,5459807,248048,4.3
1998,Aug,66.6,63.7,5713426,5462546,250880,4.4
1998,Sep,66.7,63.7,5718304,5466324,251980,4.4
1998,Oct,66.7,63.7,5721387,5471060,250327,4.4
1998,Nov,66.7,63.8,5722670,5475878,246792,4.3
1998,Dec,66.6,63.8,5723215,5479695,243520,4.3
1999,Jan,66.6,63.8,5723638,5482110,241528,4.2
1999,Feb,66.7,63.9,5725548,5484020,241528,4.2
1999,Mar,66.7,63.9,5730158,5486836,243322,4.2
1999,Apr,66.8,63.9,5737448,5491046,246402,4.3
1999,May,66.9,64,5746094,5496365,249729,4.3
1999,Jun,67,64,5754901,5502637,252264,4.4
1999,Jul,67,64.1,5762972,5509529,253443,4.4
1999,Aug,67.1,64.2,5769590,5516772,252818,4.4
1999,Sep,67.1,64.2,5774763,5524231,250532,4.3
1999,Oct,67.2,64.3,5779198,5531641,247557,4.3
1999,Nov,67.2,64.4,5783772,5539427,244345,4.2
1999,Dec,67.2,64.4,5787927,5546970,240957,4.2
2000,Jan,67.3,64.5,5791423,5553437,237986,4.1
2000,Feb,67.3,64.6,5793274,5557799,235475,4.1
2000,Mar,67.3,64.6,5793337,5559186,234151,4
2000,Apr,67.3,64.5,5792129,5557794,234335,4
2000,May,67.2,64.5,5789756,5554549,235207,4.1
2000,Jun,67.1,64.4,5786238,5550444,235794,4.1
2000,Jul,67.1,64.3,5782129,5546925,235204,4.1
2000,Aug,67,64.3,5779731,5546475,233256,4
2000,Sep,67,64.3,5780759,5550794,229965,4
2000,Oct,67,64.4,5785564,5560123,225441,3.9
2000,Nov,67,64.5,5793467,5572462,221005,3.8
2000,Dec,67.1,64.6,5802505,5584621,217884,3.8
2001,Jan,67.2,64.7,5810051,5593396,216655,3.7
2001,Feb,67.2,64.7,5814006,5596831,217175,3.7
2001,Mar,67.2,64.7,5813427,5594567,218860,3.8
2001,Apr,67.1,64.5,5809056,5587474,221582,3.8
2001,May,67,64.4,5804287,5578201,226086,3.9
2001,Jun,67,64.3,5802267,5569147,233120,4
2001,Jul,67,64.2,5804800,5561919,242881,4.2
2001,Aug,67,64.1,5810789,5555372,255417,4.4
2001,Sep,67.1,63.9,5818594,5548471,270123,4.6
2001,Oct,67.1,63.8,5827156,5541503,285653,4.9
2001,Nov,67.2,63.7,5835026,5534385,300641,5.2
2001,Dec,67.2,63.6,5842104,5527909,314195,5.4
2002,Jan,67.3,63.5,5848220,5522723,325497,5.6
2002,Feb,67.3,63.5,5852797,5518625,334172,5.7
2002,Mar,67.3,63.4,5855442,5515350,340092,5.8
2002,Apr,67.3,63.4,5856527,5513808,342719,5.9
2002,May,67.3,63.4,5856509,5514375,342134,5.8
2002,Jun,67.3,63.4,5855518,5516589,338929,5.8
2002,Jul,67.2,63.4,5853436,5518780,334656,5.7
2002,Aug,67.1,63.3,5851362,5520268,331094,5.7
2002,Sep,67.1,63.3,5850869,5520759,330110,5.6
2002,Oct,67.1,63.3,5852320,5519288,333032,5.7
2002,Nov,67.1,63.2,5856126,5516855,339271,5.8
2002,Dec,67.1,63.1,5861630,5514591,347039,5.9
2003,Jan,67.2,63.1,5868891,5513331,355560,6.1
2003,Feb,67.3,63.1,5877632,5513570,364062,6.2
2003,Mar,67.4,63.1,5885823,5514512,371311,6.3
2003,Apr,67.4,63.1,5890762,5514017,376745,6.4
2003,May,67.4,63,5890398,5510621,379777,6.4
2003,Jun,67.3,62.9,5885246,5505579,379667,6.5
2003,Jul,67.1,62.8,5876773,5500780,375993,6.4
2003,Aug,67,62.8,5867030,5497217,369813,6.3
2003,Sep,66.9,62.7,5858109,5495466,362643,6.2
2003,Oct,66.8,62.7,5852437,5495800,356637,6.1
2003,Nov,66.7,62.7,5851069,5497368,353701,6
2003,Dec,66.7,62.7,5852948,5498770,354178,6.1
2004,Jan,66.8,62.7,5855677,5498972,356705,6.1
2004,Feb,66.8,62.7,5857797,5498166,359631,6.1
2004,Mar,66.8,62.7,5859871,5497601,362270,6.2
2004,Apr,66.8,62.6,5861725,5497962,363763,6.2
2004,May,66.8,62.6,5863606,5499224,364382,6.2
2004,Jun,66.8,62.6,5866416,5501001,365415,6.2
2004,Jul,66.8,62.6,5870740,5503116,367624,6.3
2004,Aug,66.8,62.6,5875020,5504991,370029,6.3
2004,Sep,66.8,62.6,5877621,5505598,372023,6.3
2004,Oct,66.8,62.6,5877828,5504296,373532,6.4
2004,Nov,66.8,62.5,5875682,5501804,373878,6.4
2004,Dec,66.7,62.5,5873366,5500220,373146,6.4
2005,Jan,66.7,62.5,5872390,5501281,371109,6.3
2005,Feb,66.7,62.5,5872629,5505351,367278,6.3
2005,Mar,66.7,62.6,5873758,5512548,361210,6.1
2005,Apr,66.7,62.7,5876658,5522758,353900,6
2005,May,66.7,62.8,5881530,5534841,346689,5.9
2005,Jun,66.8,62.9,5887338,5546187,341151,5.8
2005,Jul,66.8,63,5893551,5554446,339105,5.8
2005,Aug,66.9,63,5899422,5559204,340218,5.8
2005,Sep,66.9,63,5903799,5561662,342137,5.8
2005,Oct,66.8,63,5905655,5563968,341687,5.8
2005,Nov,66.8,63,5905582,5567599,337983,5.7
2005,Dec,66.8,63,5904428,5572827,331601,5.6
2006,Jan,66.7,63.1,5903730,5580139,323591,5.5
2006,Feb,66.7,63.2,5905344,5588997,316347,5.4
2006,Mar,66.8,63.3,5910571,5597940,312631,5.3
2006,Apr,66.9,63.3,5919107,5605756,313351,5.3
2006,May,67,63.4,5929368,5612471,316897,5.3
2006,Jun,67.1,63.4,5939688,5618412,321276,5.4
2006,Jul,67.2,63.5,5949577,5624939,324638,5.5
2006,Aug,67.3,63.6,5960102,5633067,327035,5.5
2006,Sep,67.3,63.6,5970990,5642183,328807,5.5
2006,Oct,67.4,63.7,5980716,5651712,329004,5.5
2006,Nov,67.5,63.8,5988173,5660532,327641,5.5
2006,Dec,67.5,63.8,5992321,5666904,325417,5.4
2007,Jan,67.5,63.8,5993928,5669880,324048,5.4
2007,Feb,67.5,63.8,5994172,5670006,324166,5.4
2007,Mar,67.4,63.8,5992650,5667826,324824,5.4
2007,Apr,67.4,63.7,5990153,5664263,325890,5.4
2007,May,67.3,63.6,5988163,5660127,328036,5.5
2007,Jun,67.3,63.6,5987288,5656449,330839,5.5
2007,Jul,67.3,63.5,5987605,5653765,333840,5.6
2007,Aug,67.3,63.5,5989049,5652133,336916,5.6
2007,Sep,67.3,63.4,5991029,5652137,338892,5.7
2007,Oct,67.2,63.4,5992356,5652594,339762,5.7
2007,Nov,67.2,63.4,5990893,5652317,338576,5.7
2007,Dec,67.1,63.4,5986243,5650983,335260,5.6
2008,Jan,67,63.3,5978942,5647182,331760,5.5
2008,Feb,66.9,63.2,5971036,5640505,330531,5.5
2008,Mar,66.9,63.1,5966321,5631667,334654,5.6
2008,Apr,66.9,63,5966147,5621249,344898,5.8
2008,May,66.9,62.9,5969766,5610186,359580,6
2008,Jun,66.9,62.7,5974800,5598986,375814,6.3
2008,Jul,66.9,62.6,5977137,5586828,390309,6.5
2008,Aug,66.9,62.4,5974348,5572394,401954,6.7
2008,Sep,66.8,62.2,5967863,5553961,413902,6.9
2008,Oct,66.7,61.9,5960773,5530558,430215,7.2
2008,Nov,66.6,61.5,5955123,5501689,453434,7.6
2008,Dec,66.6,61.1,5951557,5467776,483781,8.1
2009,Jan,66.5,60.7,5949445,5430732,518713,8.7
2009,Feb,66.5,60.3,5947861,5393729,554132,9.3
2009,Mar,66.5,59.9,5944948,5360656,584292,9.8
2009,Apr,66.4,59.6,5939158,5333787,605371,10.2
2009,May,66.3,59.4,5929417,5312053,617364,10.4
2009,Jun,66.1,59.1,5916642,5293949,622693,10.5
2009,Jul,65.9,58.9,5902491,5277655,624836,10.6
2009,Aug,65.7,58.7,5888291,5261792,626499,10.6
2009,Sep,65.6,58.6,5875771,5246624,629147,10.7
2009,Oct,65.5,58.4,5866509,5232930,633579,10.8
2009,Nov,65.4,58.3,5863349,5223144,640205,10.9
2009,Dec,65.4,58.2,5866982,5219676,647306,11
2010,Jan,65.5,58.2,5874018,5223099,650919,11.1
2010,Feb,65.6,58.3,5878946,5230996,647950,11
2010,Mar,65.5,58.4,5878360,5239969,638391,10.9
2010,Apr,65.5,58.6,5872041,5247840,624201,10.6
2010,May,65.4,58.6,5861236,5253608,607628,10.4
2010,Jun,65.2,58.6,5848419,5256057,592362,10.1
2010,Jul,65.1,58.6,5837074,5255283,581791,10
2010,Aug,65,58.6,5829341,5252992,576349,9.9
2010,Sep,64.9,58.5,5824295,5250596,573699,9.9
2010,Oct,64.8,58.5,5820234,5250167,570067,9.8
2010,Nov,64.7,58.5,5814602,5252119,562483,9.7
2010,Dec,64.6,58.5,5806257,5255372,550885,9.5
2011,Jan,64.5,58.5,5797017,5258819,538198,9.3
2011,Feb,64.4,58.5,5788374,5260723,527651,9.1
2011,Mar,64.3,58.5,5781009,5259952,521057,9
2011,Apr,64.3,58.5,5775861,5256742,519119,9
2011,May,64.2,58.4,5774028,5252741,521287,9
2011,Jun,64.2,58.4,5774385,5250245,524140,9.1
2011,Jul,64.2,58.4,5775030,5251205,523825,9.1
2011,Aug,64.2,58.4,5773898,5255540,518358,9
2011,Sep,64.1,58.5,5769214,5261969,507245,8.8
2011,Oct,64,58.5,5760967,5268990,491977,8.5
2011,Nov,63.8,58.6,5750052,5274910,475142,8.3
2011,Dec,63.7,58.6,5737855,5278780,459075,8
2012,Jan,63.6,58.6,5726309,5281141,445168,7.8
2012,Feb,63.5,58.6,5717633,5283067,434566,7.6
2012,Mar,63.4,58.6,5712035,5284062,427973,7.5
2012,Apr,63.3,58.6,5707355,5283236,424119,7.4
2012,May,63.3,58.6,5703147,5281931,421216,7.4
2012,Jun,63.2,58.6,5699647,5281583,418064,7.3
2012,Jul,63.2,58.6,5696911,5282661,414250,7.3
2012,Aug,63.1,58.6,5696245,5284952,411293,7.2
2012,Sep,63.1,58.6,5699086,5287654,411432,7.2
2012,Oct,63.1,58.5,5703560,5288767,414793,7.3
2012,Nov,63.2,58.5,5707413,5287330,420083,7.4
2012,Dec,63.2,58.5,5709772,5284153,425619,7.5
2013,Jan,63.2,58.4,5710874,5280284,430590,7.5
2013,Feb,63.2,58.4,5711661,5277748,433913,7.6
2013,Mar,63.2,58.4,5713245,5278662,434583,7.6
2013,Apr,63.2,58.4,5717068,5283842,433226,7.6
2013,May,63.2,58.4,5721942,5290204,431738,7.5
2013,Jun,63.2,58.5,5726408,5294634,431774,7.5
2013,Jul,63.2,58.5,5729085,5296371,432714,7.6
2013,Aug,63.2,58.4,5727598,5296246,431352,7.5
2013,Sep,63.1,58.4,5721899,5296165,425734,7.4
2013,Oct,63,58.4,5715124,5298160,416964,7.3
2013,Nov,62.9,58.4,5709479,5303537,405942,7.1
2013,Dec,62.9,58.5,5704631,5311621,393010,6.9
2014,Jan,62.8,58.6,5702385,5323236,379149,6.6
2014,Feb,62.7,58.7,5697246,5332728,364518,6.4
2014,Mar,62.7,58.8,5693592,5341352,352240,6.2
2014,Apr,62.6,58.9,5691768,5348475,343293,6
2014,May,62.6,58.9,5692261,5355757,336504,5.9
2014,Jun,62.6,59,5695866,5365244,330622,5.8
2014,Jul,62.7,59.1,5701831,5376512,325319,5.7
2014,Aug,62.7,59.2,5709359,5388778,320581,5.6
2014,Sep,62.8,59.3,5716109,5400643,315466,5.5
2014,Oct,62.8,59.4,5719019,5410057,308962,5.4
2014,Nov,62.8,59.4,5716727,5415040,301687,5.3
2014,Dec,62.7,59.4,5711628,5415759,295869,5.2
2015,Jan,62.6,59.4,5708153,5415427,292726,5.1
2015,Feb,62.6,59.4,5704245,5412504,291741,5.1
2015,Mar,62.6,59.4,5702389,5411497,290892,5.1
2015,Apr,62.5,59.4,5701740,5413145,288595,5.1
2015,May,62.5,59.4,5700411,5416208,284203,5
2015,Jun,62.5,59.4,5696864,5418766,278098,4.9
2015,Jul,62.4,59.4,5692230,5420280,271950,4.8
2015,Aug,62.3,59.4,5688561,5420997,267564,4.7
2015,Sep,62.3,59.4,5687967,5422086,265881,4.7
2015,Oct,62.3,59.4,5692968,5425494,267474,4.7
2015,Nov,62.4,59.5,5704311,5431999,272312,4.8
2015,Dec,62.6,59.5,5719018,5440497,278521,4.9
2016,Jan,62.7,59.6,5732680,5448886,283794,5
2016,Feb,62.8,59.7,5742076,5455245,286831,5
2016,Mar,62.8,59.7,5745542,5458418,287124,5
2016,Apr,62.8,59.7,5744589,5458776,285813,5
2016,May,62.8,59.7,5742242,5457642,284600,5
2016,Jun,62.7,59.6,5740347,5455998,284349,5
2016,Jul,62.7,59.6,5739558,5454491,285067,5
2016,Aug,62.7,59.5,5740581,5453338,287243,5
2016,Sep,62.7,59.5,5744036,5452649,291387,5.1
2016,Oct,62.7,59.5,5748843,5452613,296230,5.2
2016,Nov,62.8,59.5,5753886,5454263,299623,5.2
2016,Dec,62.8,59.5,5758839,5458134,300705,5.2
2017,Jan,62.8,59.6,5763952,5464013,299939,5.2
2017,Feb,62.9,59.6,5769047,5471173,297874,5.2
2017,Mar,62.9,59.7,5773554,5477830,295724,5.1
2017,Apr,62.9,59.7,5777686,5483584,294102,5.1
2017,May,63,59.8,5781512,5488731,292781,5.1
2017,Jun,63,59.8,5785124,5493398,291726,5
2017,Jul,63,59.8,5788356,5497817,290539,5
2017,Aug,63,59.8,5789224,5501447,287777,5
2017,Sep,62.9,59.8,5786273,5503784,282489,4.9
2017,Oct,62.8,59.8,5780053,5504884,275169,4.8
2017,Nov,62.7,59.8,5772303,5504517,267786,4.6
2017,Dec,62.6,59.8,5765539,5503581,261958,4.5
2018,Jan,62.6,59.8,5762656,5503461,259195,4.5
2018,Feb,62.6,59.8,5765139,5505283,259856,4.5
2018,Mar,62.7,59.8,5771374,5509047,262327,4.5
2018,Apr,62.7,59.9,5777036,5512758,264278,4.6
2018,May,62.8,59.9,5779646,5515053,264593,4.6
2018,Jun,62.7,59.9,5779539,5516710,262829,4.5
2018,Jul,62.7,59.9,5778266,5518711,259555,4.5
2018,Aug,62.7,59.9,5779120,5522416,256704,4.4
2018,Sep,62.7,60,5783736,5528589,255147,4.4
2018,Oct,62.8,60,5791192,5536571,254621,4.4
2018,Nov,62.9,60.1,5799083,5545158,253925,4.4
2018,Dec,62.9,60.2,5804145,5552187,251958,4.3
2019,Jan,62.9,60.2,5803806,5555676,248130,4.3
2019,Feb,62.8,60.2,5798120,5555168,242952,4.2
2019,Mar,62.7,60.2,5791235,5552692,238543,4.1
2019,Apr,62.7,60.1,5787762,5551351,236411,4.1
2019,May,62.7,60.1,5789490,5552734,236756,4.1
2019,Jun,62.7,60.2,5795568,5556712,238856,4.1
2019,Jul,62.8,60.2,5804123,5563089,241034,4.2
2019,Aug,62.9,60.3,5810621,5569183,241438,4.2
2019,Sep,62.9,60.3,5814117,5574031,240086,4.1
2019,Oct,62.9,60.3,5814465,5576321,238144,4.1
2019,Nov,62.8,60.3,5812596,5575626,236970,4.1
2019,Dec,62.8,60.3,5811750,5574862,236888,4.1
2020,Jan,62.9,60.3,5818790,5580352,238438,4.1
2020,Feb,63,60.4,5829126,5588285,240841,4.1
2020,Mar,62.4,58.8,5776221,5441767,334454,5.8
2020,Apr,61.3,50.5,5672068,4672850,999218,17.6
2020,May,62.2,53.6,5755881,4958653,797228,13.9
2020,Jun,62.7,55.8,5801502,5165821,635681,11
2020,Jul,61.2,55.7,5663958,5153696,510262,9
2020,Aug,62.2,56.7,5763731,5253562,510169,8.9
2020,Sep,60.9,55.8,5643105,5171583,471522,8.4
