Year,Period,labor force participation rate,employment-population ratio,labor force,employment,unemployment,unemployment rate
1976,Jan,58.2,53.5,5105548,4693332,412216,8.1
1976,Feb,58.1,53.4,5104850,4691940,412910,8.1
1976,Mar,58.1,53.4,5106719,4691831,414888,8.1
1976,Apr,58.2,53.4,5112956,4696196,416760,8.2
1976,May,58.2,53.5,5120204,4703981,416223,8.1
1976,Jun,58.2,53.6,5126930,4714719,412211,8
1976,Jul,58.2,53.6,5130996,4724714,406282,7.9
1976,Aug,58.2,53.7,5133739,4733149,400590,7.8
1976,Sep,58.2,53.7,5137094,4739425,397669,7.7
1976,Oct,58.3,53.7,5142875,4743412,399463,7.8
1976,Nov,58.3,53.7,5151900,4746421,405479,7.9
1976,Dec,58.4,53.7,5162158,4750182,411976,8
1977,Jan,58.5,53.8,5172352,4756572,415780,8
1977,Feb,58.5,53.8,5181538,4766059,415479,8
1977,Mar,58.6,53.9,5187821,4776267,411554,7.9
1977,Apr,58.6,54,5191317,4785229,406088,7.8
1977,May,58.5,54,5193541,4792473,401068,7.7
1977,Jun,58.5,54.1,5196703,4799142,397561,7.7
1977,Jul,58.6,54.1,5202216,4806759,395457,7.6
1977,Aug,58.6,54.2,5210187,4815946,394241,7.6
1977,Sep,58.7,54.3,5219316,4826594,392722,7.5
1977,Oct,58.7,54.4,5226762,4836794,389968,7.5
1977,Nov,58.8,54.4,5231939,4845281,386658,7.4
1977,Dec,58.8,54.5,5236268,4852437,383831,7.3
1978,Jan,58.8,54.5,5241875,4860708,381167,7.3
1978,Feb,58.9,54.6,5250607,4872529,378078,7.2
1978,Mar,59,54.8,5263325,4888960,374365,7.1
1978,Apr,59.1,55,5279101,4909201,369900,7
1978,May,59.3,55.2,5295970,4930438,365532,6.9
1978,Jun,59.4,55.4,5310837,4948723,362114,6.8
1978,Jul,59.5,55.5,5321863,4961261,360602,6.8
1978,Aug,59.6,55.5,5329262,4968316,360946,6.8
1978,Sep,59.6,55.5,5334396,4972130,362266,6.8
1978,Oct,59.6,55.6,5339970,4976434,363536,6.8
1978,Nov,59.7,55.6,5346873,4982771,364102,6.8
1978,Dec,59.7,55.6,5353414,4989490,363924,6.8
1979,Jan,59.7,55.7,5358154,4994906,363248,6.8
1979,Feb,59.7,55.7,5360567,4998444,362123,6.8
1979,Mar,59.7,55.6,5360842,5000122,360720,6.7
1979,Apr,59.6,55.6,5360239,5000363,359876,6.7
1979,May,59.6,55.6,5361238,5000927,360311,6.7
1979,Jun,59.6,55.6,5365584,5003015,362569,6.8
1979,Jul,59.7,55.6,5374038,5007985,366053,6.8
1979,Aug,59.8,55.7,5386483,5015852,370631,6.9
1979,Sep,59.9,55.8,5401498,5025618,375880,7
1979,Oct,60.1,55.8,5416194,5035975,380219,7
1979,Nov,60.2,55.9,5428217,5045457,382760,7.1
1979,Dec,60.3,56,5436940,5052287,384653,7.1
1980,Jan,60.3,56,5441419,5053355,388064,7.1
1980,Feb,60.3,55.9,5442032,5046347,395685,7.3
1980,Mar,60.2,55.7,5441036,5031810,409226,7.5
1980,Apr,60.2,55.5,5439158,5012102,427056,7.9
1980,May,60.1,55.2,5436732,4991213,445519,8.2
1980,Jun,60.1,55,5435212,4974646,460566,8.5
1980,Jul,60,54.9,5434145,4965494,468651,8.6
1980,Aug,60,54.8,5432680,4964613,468067,8.6
1980,Sep,59.9,54.9,5431067,4970997,460070,8.5
1980,Oct,59.9,55,5430709,4981863,448846,8.3
1980,Nov,59.9,55.1,5433190,4994800,438390,8.1
1980,Dec,59.9,55.2,5439959,5008442,431517,7.9
1981,Jan,60,55.3,5451083,5021142,429941,7.9
1981,Feb,60.1,55.4,5464031,5031513,432518,7.9
1981,Mar,60.2,55.4,5476219,5039917,436302,8
1981,Apr,60.3,55.5,5485539,5045750,439789,8
1981,May,60.3,55.5,5489945,5047349,442596,8.1
1981,Jun,60.3,55.4,5489504,5044192,445312,8.1
1981,Jul,60.2,55.3,5486149,5036483,449666,8.2
1981,Aug,60.1,55.1,5481468,5024386,457082,8.3
1981,Sep,60.1,54.9,5477651,5009005,468646,8.6
1981,Oct,60,54.7,5476482,4991906,484576,8.8
1981,Nov,60,54.5,5477530,4974067,503463,9.2
1981,Dec,60,54.3,5480580,4957706,522874,9.5
1982,Jan,60.1,54.2,5484564,4944708,539856,9.8
1982,Feb,60.1,54,5488154,4934535,553619,10.1
1982,Mar,60.1,53.9,5489999,4924879,565120,10.3
1982,Apr,60.1,53.8,5490662,4915300,575362,10.5
1982,May,60.1,53.7,5490950,4905594,585356,10.7
1982,Jun,60,53.5,5490407,4893887,596520,10.9
1982,Jul,60,53.3,5490229,4879645,610584,11.1
1982,Aug,60,53.2,5491942,4863763,628179,11.4
1982,Sep,60,53,5494500,4846702,647798,11.8
1982,Oct,60,52.7,5495926,4829084,666842,12.1
1982,Nov,60,52.5,5495364,4812391,682973,12.4
1982,Dec,59.9,52.4,5490855,4797120,693735,12.6
1983,Jan,59.8,52.2,5483364,4784973,698391,12.7
1983,Feb,59.7,52.1,5476306,4779674,696632,12.7
1983,Mar,59.7,52.2,5471531,4782781,688750,12.6
1983,Apr,59.7,52.3,5470596,4794101,676495,12.4
1983,May,59.7,52.5,5474083,4812224,661859,12.1
1983,Jun,59.7,52.7,5480522,4834952,645570,11.8
1983,Jul,59.8,52.9,5486829,4859078,627751,11.4
1983,Aug,59.8,53.2,5490159,4880861,609298,11.1
1983,Sep,59.8,53.3,5489585,4898415,591170,10.8
1983,Oct,59.7,53.5,5485769,4912018,573751,10.5
1983,Nov,59.7,53.6,5480148,4922353,557795,10.2
1983,Dec,59.6,53.7,5475329,4931102,544227,9.9
1984,Jan,59.6,53.8,5472857,4940346,532511,9.7
1984,Feb,59.6,53.9,5473219,4950932,522287,9.5
1984,Mar,59.6,54,5477084,4962874,514210,9.4
1984,Apr,59.6,54.1,5482993,4974977,508016,9.3
1984,May,59.7,54.2,5489309,4985942,503367,9.2
1984,Jun,59.8,54.3,5495439,4995432,500007,9.1
1984,Jul,59.8,54.4,5500711,5003594,497117,9
1984,Aug,59.8,54.5,5504648,5011143,493505,9
1984,Sep,59.9,54.6,5507262,5018423,488839,8.9
1984,Oct,59.9,54.6,5509387,5026363,483024,8.8
1984,Nov,59.9,54.8,5512564,5036661,475903,8.6
1984,Dec,60,54.9,5517682,5049454,468228,8.5
1985,Jan,60.1,55,5524349,5062544,461805,8.4
1985,Feb,60.1,55.2,5531180,5073444,457736,8.3
1985,Mar,60.2,55.2,5536394,5080995,455399,8.2
1985,Apr,60.2,55.3,5539568,5085802,453766,8.2
1985,May,60.2,55.3,5541627,5089528,452099,8.2
1985,Jun,60.3,55.4,5543759,5094048,449711,8.1
1985,Jul,60.3,55.5,5547520,5101124,446396,8
1985,Aug,60.4,55.6,5554421,5112648,441773,8
1985,Sep,60.4,55.7,5564427,5128349,436078,7.8
1985,Oct,60.5,55.9,5576028,5145446,430582,7.7
1985,Nov,60.6,56,5586806,5160582,426224,7.6
1985,Dec,60.7,56.1,5595027,5171834,423193,7.6
1986,Jan,60.7,56.2,5600759,5179670,421089,7.5
1986,Feb,60.8,56.2,5604615,5185709,418906,7.5
1986,Mar,60.8,56.3,5607284,5191744,415540,7.4
1986,Apr,60.8,56.3,5609660,5199076,410584,7.3
1986,May,60.7,56.4,5611341,5207664,403677,7.2
1986,Jun,60.7,56.5,5611807,5216660,395147,7
1986,Jul,60.7,56.5,5610545,5224859,385686,6.9
1986,Aug,60.6,56.6,5607318,5231224,376094,6.7
1986,Sep,60.5,56.6,5602920,5236147,366773,6.5
1986,Oct,60.5,56.6,5598221,5240637,357584,6.4
1986,Nov,60.4,56.6,5594274,5245382,348892,6.2
1986,Dec,60.4,56.7,5593262,5252364,340898,6.1
1987,Jan,60.3,56.8,5596231,5262464,333767,6
1987,Feb,60.4,56.9,5603352,5275398,327954,5.9
1987,Mar,60.5,57,5614406,5290540,323866,5.8
1987,Apr,60.6,57.1,5627385,5306236,321149,5.7
1987,May,60.7,57.3,5641052,5321707,319345,5.7
1987,Jun,60.8,57.4,5655133,5336846,318287,5.6
1987,Jul,61,57.5,5669405,5351786,317619,5.6
1987,Aug,61.1,57.7,5683573,5366253,317320,5.6
1987,Sep,61.2,57.8,5697441,5380410,317031,5.6
1987,Oct,61.3,57.9,5710659,5394136,316523,5.5
1987,Nov,61.4,58,5722266,5407142,315124,5.5
1987,Dec,61.5,58.1,5730397,5417842,312555,5.5
1988,Jan,61.5,58.2,5734216,5425491,308725,5.4
1988,Feb,61.5,58.2,5735139,5431253,303886,5.3
1988,Mar,61.5,58.3,5735656,5436693,298963,5.2
1988,Apr,61.5,58.3,5738521,5443609,294912,5.1
1988,May,61.5,58.4,5745073,5452778,292295,5.1
1988,Jun,61.6,58.5,5754821,5463768,291053,5.1
1988,Jul,61.7,58.6,5766095,5475643,290452,5
1988,Aug,61.8,58.7,5776958,5487474,289484,5
1988,Sep,61.9,58.8,5785989,5498728,287261,5
1988,Oct,61.9,58.9,5792357,5509398,282959,4.9
1988,Nov,62,59,5796932,5519945,276987,4.8
1988,Dec,62,59.1,5800898,5530293,270605,4.7
1989,Jan,62,59.2,5805335,5540228,265107,4.6
1989,Feb,62.1,59.3,5810413,5548611,261802,4.5
1989,Mar,62.1,59.3,5815765,5554934,260831,4.5
1989,Apr,62.2,59.4,5821145,5559202,261943,4.5
1989,May,62.2,59.4,5826009,5561493,264516,4.5
1989,Jun,62.3,59.4,5829814,5562141,267673,4.6
1989,Jul,62.3,59.4,5832433,5561067,271366,4.7
1989,Aug,62.3,59.3,5833935,5558360,275575,4.7
1989,Sep,62.3,59.3,5834687,5554512,280175,4.8
1989,Oct,62.3,59.2,5835963,5550882,285081,4.9
1989,Nov,62.3,59.2,5837975,5548052,289923,5
1989,Dec,62.3,59.1,5840537,5546309,294228,5
1990,Jan,63.8,60.5,5842753,5545385,297368,5.1
1990,Feb,63.7,60.5,5842817,5543913,298904,5.1
1990,Mar,63.6,60.4,5839359,5540124,299235,5.1
1990,Apr,63.5,60.2,5832440,5533166,299274,5.1
1990,May,63.3,60,5824112,5523778,300334,5.2
1990,Jun,63.2,59.9,5816710,5513038,303672,5.2
1990,Jul,63.1,59.7,5812509,5502820,309689,5.3
1990,Aug,63,59.6,5812796,5494537,318259,5.5
1990,Sep,63.1,59.5,5816876,5487720,329156,5.7
1990,Oct,63.1,59.4,5823442,5481317,342125,5.9
1990,Nov,63.1,59.3,5831632,5475357,356275,6.1
1990,Dec,63.2,59.2,5840078,5469573,370505,6.3
1991,Jan,63.3,59.1,5847550,5463138,384412,6.6
1991,Feb,63.3,59,5853533,5456511,397022,6.8
1991,Mar,63.3,58.9,5856730,5449835,406895,6.9
1991,Apr,63.3,58.9,5856655,5443600,413055,7.1
1991,May,63.3,58.8,5853844,5438685,415159,7.1
1991,Jun,63.2,58.7,5850075,5435877,414198,7.1
1991,Jul,63.1,58.7,5847260,5435013,412247,7.1
1991,Aug,63.1,58.7,5847348,5435672,411676,7
1991,Sep,63.2,58.7,5851829,5437447,414382,7.1
1991,Oct,63.2,58.7,5859867,5439229,420638,7.2
1991,Nov,63.3,58.7,5869122,5440169,428953,7.3
1991,Dec,63.4,58.7,5877467,5440410,437057,7.4
1992,Jan,63.5,58.7,5884244,5440959,443285,7.5
1992,Feb,63.5,58.7,5890170,5442747,447423,7.6
1992,Mar,63.6,58.7,5897111,5447055,450056,7.6
1992,Apr,63.7,58.8,5905561,5453430,452131,7.7
1992,May,63.7,58.9,5914128,5460048,454080,7.7
1992,Jun,63.8,58.9,5921204,5465718,455486,7.7
1992,Jul,63.8,58.9,5925529,5469721,455808,7.7
1992,Aug,63.8,58.9,5926197,5471730,454467,7.7
1992,Sep,63.8,58.9,5923603,5472563,451040,7.6
1992,Oct,63.7,58.9,5919387,5473547,445840,7.5
1992,Nov,63.6,58.9,5914586,5474528,440058,7.4
1992,Dec,63.5,58.9,5910122,5475492,434630,7.4
1993,Jan,63.5,58.8,5906407,5476665,429742,7.3
1993,Feb,63.4,58.9,5903470,5477998,425472,7.2
1993,Mar,63.4,58.9,5902107,5479976,422131,7.2
1993,Apr,63.4,58.9,5902577,5483088,419489,7.1
1993,May,63.4,58.9,5904654,5486992,417662,7.1
1993,Jun,63.4,58.9,5907516,5490882,416634,7.1
1993,Jul,63.4,58.9,5909580,5494331,415249,7
1993,Aug,63.4,58.9,5909787,5497301,412486,7
1993,Sep,63.3,58.9,5907677,5499723,407954,6.9
1993,Oct,63.2,58.9,5903568,5501393,402175,6.8
1993,Nov,63.2,58.9,5899019,5502447,396572,6.7
1993,Dec,63.1,58.9,5895465,5503495,391970,6.6
1994,Jan,63.1,58.9,5893529,5505230,388299,6.6
1994,Feb,63.1,59,5892737,5507631,385106,6.5
1994,Mar,63.1,59,5892005,5509890,382115,6.5
1994,Apr,63,59,5891221,5512103,379118,6.4
1994,May,63,59,5890827,5514911,375916,6.4
1994,Jun,63,59,5890851,5518433,372418,6.3
1994,Jul,63,59.1,5891537,5522587,368950,6.3
1994,Aug,63,59.1,5892666,5527251,365415,6.2
1994,Sep,63,59.1,5893905,5532511,361394,6.1
1994,Oct,63,59.2,5894902,5538803,356099,6
1994,Nov,63,59.2,5895948,5546278,349670,5.9
1994,Dec,63,59.3,5896696,5552956,343740,5.8
1995,Jan,63,59.3,5896844,5556847,339997,5.8
1995,Feb,62.9,59.3,5896815,5557864,338951,5.7
1995,Mar,62.9,59.3,5896760,5556610,340150,5.8
1995,Apr,62.9,59.3,5896904,5554135,342769,5.8
1995,May,62.9,59.2,5898056,5552511,345545,5.9
1995,Jun,62.9,59.2,5901019,5553542,347477,5.9
1995,Jul,63,59.3,5906086,5557790,348296,5.9
1995,Aug,63,59.3,5912285,5563618,348667,5.9
1995,Sep,63.1,59.3,5918235,5568915,349320,5.9
1995,Oct,63.1,59.3,5923069,5572622,350447,5.9
1995,Nov,63.1,59.4,5926351,5575087,351264,5.9
1995,Dec,63.1,59.4,5929332,5578143,351189,5.9
1996,Jan,63.2,59.4,5933654,5583765,349889,5.9
1996,Feb,63.2,59.5,5940230,5593063,347167,5.8
1996,Mar,63.3,59.7,5949398,5606479,342919,5.8
1996,Apr,63.4,59.8,5959730,5622714,337016,5.7
1996,May,63.5,60,5969618,5639655,329963,5.5
1996,Jun,63.5,60.1,5978353,5655599,322754,5.4
1996,Jul,63.6,60.2,5985979,5669575,316404,5.3
1996,Aug,63.7,60.4,5993709,5681963,311746,5.2
1996,Sep,63.7,60.5,6002031,5692735,309296,5.2
1996,Oct,63.8,60.5,6010525,5701071,309454,5.1
1996,Nov,63.9,60.6,6018794,5707096,311698,5.2
1996,Dec,64,60.6,6026394,5711653,314741,5.2
1997,Jan,64,60.7,6033029,5715438,317591,5.3
1997,Feb,64.1,60.7,6038826,5719061,319765,5.3
1997,Mar,64.2,60.8,6044049,5723357,320692,5.3
1997,Apr,64.2,60.8,6049559,5728804,320755,5.3
1997,May,64.3,60.9,6054931,5734924,320007,5.3
1997,Jun,64.4,61,6059396,5741451,317945,5.2
1997,Jul,64.4,61,6062910,5748703,314207,5.2
1997,Aug,64.4,61.1,6065444,5756498,308946,5.1
1997,Sep,64.4,61.2,6067003,5764399,302604,5
1997,Oct,64.4,61.2,6068139,5771520,296619,4.9
1997,Nov,64.4,61.3,6068567,5776721,291846,4.8
1997,Dec,64.3,61.3,6068441,5780239,288202,4.7
1998,Jan,64.3,61.3,6067917,5782400,285517,4.7
1998,Feb,64.3,61.3,6066676,5783276,283400,4.7
1998,Mar,64.3,61.3,6064118,5782620,281498,4.6
1998,Apr,64.2,61.3,6060649,5781116,279533,4.6
1998,May,64.2,61.3,6057635,5779680,277955,4.6
1998,Jun,64.2,61.2,6056147,5778663,277484,4.6
1998,Jul,64.2,61.2,6056768,5778567,278201,4.6
1998,Aug,64.2,61.2,6059572,5780166,279406,4.6
1998,Sep,64.2,61.2,6063941,5783676,280265,4.6
1998,Oct,64.2,61.3,6068294,5788836,279458,4.6
1998,Nov,64.2,61.3,6071235,5794267,276968,4.6
1998,Dec,64.2,61.3,6071853,5798097,273756,4.5
1999,Jan,64.2,61.3,6070193,5800038,270155,4.5
1999,Feb,64.2,61.3,6068357,5801158,267199,4.4
1999,Mar,64.2,61.4,6068578,5802754,265824,4.4
1999,Apr,64.2,61.4,6071610,5805311,266299,4.4
1999,May,64.2,61.4,6076521,5808374,268147,4.4
1999,Jun,64.3,61.4,6081633,5811222,270411,4.4
1999,Jul,64.3,61.4,6085026,5812979,272047,4.5
1999,Aug,64.3,61.4,6085828,5813923,271905,4.5
1999,Sep,64.2,61.4,6084708,5815215,269493,4.4
1999,Oct,64.2,61.4,6082848,5817765,265083,4.4
1999,Nov,64.2,61.4,6082079,5822868,259211,4.3
1999,Dec,64.2,61.5,6083407,5830316,253091,4.2
2000,Jan,64.2,61.6,6086807,5838545,248262,4.1
2000,Feb,64.2,61.6,6090752,5845617,245135,4
2000,Mar,64.3,61.7,6094109,5850115,243994,4
2000,Apr,64.3,61.8,6096691,5851908,244783,4
2000,May,64.3,61.7,6098600,5851816,246784,4
2000,Jun,64.3,61.7,6100213,5850689,249524,4.1
2000,Jul,64.4,61.7,6102279,5849753,252526,4.1
2000,Aug,64.4,61.7,6105998,5850642,255356,4.2
2000,Sep,64.4,61.7,6112288,5854615,257673,4.2
2000,Oct,64.5,61.7,6121994,5862444,259550,4.2
2000,Nov,64.6,61.8,6134560,5873003,261557,4.3
2000,Dec,64.7,61.9,6147993,5884059,263934,4.3
2001,Jan,64.8,62,6159923,5893050,266873,4.3
2001,Feb,64.9,62.1,6168610,5898122,270488,4.4
2001,Mar,65,62.1,6173158,5898532,274626,4.4
2001,Apr,64.9,62,6173712,5894619,279093,4.5
2001,May,64.9,61.9,6172512,5888438,284074,4.6
2001,Jun,64.9,61.8,6171934,5882167,289767,4.7
2001,Jul,64.9,61.8,6173483,5877275,296208,4.8
2001,Aug,64.9,61.7,6176904,5873165,303739,4.9
2001,Sep,64.9,61.6,6181732,5869415,312317,5.1
2001,Oct,64.9,61.6,6187574,5866333,321241,5.2
2001,Nov,65,61.5,6193876,5864014,329862,5.3
2001,Dec,65,61.5,6201022,5863333,337689,5.4
2002,Jan,65.1,61.5,6208905,5864799,344106,5.5
2002,Feb,65.2,61.5,6216369,5867638,348731,5.6
2002,Mar,65.2,61.5,6222096,5870685,351411,5.6
2002,Apr,65.2,61.5,6226081,5874083,351998,5.7
2002,May,65.2,61.5,6228490,5877812,350678,5.6
2002,Jun,65.2,61.6,6229132,5881236,347896,5.6
2002,Jul,65.2,61.5,6227784,5882499,345285,5.5
2002,Aug,65.1,61.5,6224827,5880430,344397,5.5
2002,Sep,65,61.4,6220457,5874348,346109,5.6
2002,Oct,64.9,61.2,6214053,5863923,350130,5.6
2002,Nov,64.8,61.1,6206032,5851035,354997,5.7
2002,Dec,64.7,60.9,6196755,5837830,358925,5.8
2003,Jan,64.5,60.8,6187787,5826808,360979,5.8
2003,Feb,64.5,60.7,6180722,5819798,360924,5.8
2003,Mar,64.4,60.6,6175525,5816637,358888,5.8
2003,Apr,64.3,60.6,6170798,5815009,355789,5.8
2003,May,64.2,60.6,6165799,5812918,352881,5.7
2003,Jun,64.2,60.5,6161723,5811005,350718,5.7
2003,Jul,64.1,60.5,6159270,5810829,348441,5.7
2003,Aug,64.1,60.5,6158859,5813315,345544,5.6
2003,Sep,64.1,60.5,6160901,5818649,342252,5.6
2003,Oct,64.1,60.5,6165771,5826303,339468,5.5
2003,Nov,64.1,60.6,6172730,5834804,337926,5.5
2003,Dec,64.2,60.7,6179886,5842472,337414,5.5
2004,Jan,64.2,60.7,6185537,5847896,337641,5.5
2004,Feb,64.3,60.7,6189628,5851363,338265,5.5
2004,Mar,64.3,60.8,6193880,5854656,339224,5.5
2004,Apr,64.3,60.8,6198772,5858899,339873,5.5
2004,May,64.3,60.8,6204156,5864412,339744,5.5
2004,Jun,64.4,60.9,6209833,5870893,338940,5.5
2004,Jul,64.4,60.9,6216155,5878147,338008,5.4
2004,Aug,64.4,61,6222393,5885674,336719,5.4
2004,Sep,64.5,61,6227253,5892720,334533,5.4
2004,Oct,64.5,61,6230399,5898434,331965,5.3
2004,Nov,64.5,61,6232137,5902671,329466,5.3
2004,Dec,64.4,61.1,6234050,5906563,327487,5.3
2005,Jan,64.5,61.1,6236573,5910927,325646,5.2
2005,Feb,64.5,61.1,6239234,5915808,323426,5.2
2005,Mar,64.5,61.2,6241999,5921684,320315,5.1
2005,Apr,64.5,61.2,6245627,5929162,316465,5.1
2005,May,64.5,61.3,6250226,5937962,312264,5
2005,Jun,64.5,61.3,6254784,5946247,308537,4.9
2005,Jul,64.5,61.4,6258317,5951927,306390,4.9
2005,Aug,64.5,61.3,6260117,5954398,305719,4.9
2005,Sep,64.5,61.3,6260240,5954715,305525,4.9
2005,Oct,64.3,61.2,6258921,5955095,303826,4.9
2005,Nov,64.3,61.2,6257315,5957167,300148,4.8
2005,Dec,64.2,61.2,6256848,5961237,295611,4.7
2006,Jan,64.2,61.3,6259101,5967749,291352,4.7
2006,Feb,64.3,61.3,6264415,5975891,288524,4.6
2006,Mar,64.3,61.4,6271841,5983704,288137,4.6
2006,Apr,64.4,61.4,6280125,5989895,290230,4.6
2006,May,64.4,61.4,6287729,5994630,293099,4.7
2006,Jun,64.5,61.4,6293705,5998668,295037,4.7
2006,Jul,64.5,61.5,6298723,6003934,294789,4.7
2006,Aug,64.5,61.5,6304341,6011637,292704,4.6
2006,Sep,64.5,61.6,6310546,6020935,289611,4.6
2006,Oct,64.5,61.6,6316667,6031045,285622,4.5
2006,Nov,64.6,61.7,6321567,6040626,280941,4.4
2006,Dec,64.5,61.7,6323484,6047662,275822,4.4
2007,Jan,64.5,61.7,6322426,6051218,271208,4.3
2007,Feb,64.5,61.7,6320317,6052414,267903,4.2
2007,Mar,64.4,61.7,6318612,6052599,266013,4.2
2007,Apr,64.4,61.7,6318946,6053114,265832,4.2
2007,May,64.4,61.7,6322616,6054521,268095,4.2
2007,Jun,64.4,61.6,6329510,6057184,272326,4.3
2007,Jul,64.5,61.7,6338481,6060935,277546,4.4
2007,Aug,64.5,61.7,6348827,6065674,283153,4.5
2007,Sep,64.6,61.7,6360256,6072032,288224,4.5
2007,Oct,64.7,61.7,6371812,6079277,292535,4.6
2007,Nov,64.8,61.8,6382861,6087093,295768,4.6
2007,Dec,64.8,61.8,6393772,6095859,297913,4.7
2008,Jan,64.9,61.9,6404023,6104281,299742,4.7
2008,Feb,65,61.9,6413011,6111149,301862,4.7
2008,Mar,65.1,62,6421500,6116183,305317,4.8
2008,Apr,65.1,62,6430056,6119520,310536,4.8
2008,May,65.2,62,6439363,6122030,317333,4.9
2008,Jun,65.2,62,6449889,6124268,325621,5
2008,Jul,65.3,61.9,6460877,6125474,335403,5.2
2008,Aug,65.4,61.9,6470784,6123898,346886,5.4
2008,Sep,65.4,61.8,6478764,6117227,361537,5.6
2008,Oct,65.5,61.6,6484511,6103669,380842,5.9
2008,Nov,65.4,61.4,6486514,6082058,404456,6.2
2008,Dec,65.4,61.1,6483392,6052892,430500,6.6
2009,Jan,65.3,60.7,6475095,6018683,456412,7
2009,Feb,65.1,60.3,6463243,5983571,479672,7.4
2009,Mar,65,60,6450076,5952110,497966,7.7
2009,Apr,64.8,59.7,6436820,5926361,510459,7.9
2009,May,64.7,59.5,6423372,5905056,518316,8.1
2009,Jun,64.5,59.3,6409633,5886628,523005,8.2
2009,Jul,64.3,59,6394832,5869174,525658,8.2
2009,Aug,64.1,58.8,6378688,5851466,527222,8.3
2009,Sep,63.9,58.6,6362827,5833913,528914,8.3
2009,Oct,63.8,58.4,6349243,5817495,531748,8.4
2009,Nov,63.7,58.3,6341910,5805125,536785,8.5
2009,Dec,63.7,58.2,6343929,5799597,544332,8.6
2010,Jan,63.8,58.2,6354075,5801663,552412,8.7
2010,Feb,63.9,58.3,6367507,5809093,558414,8.8
2010,Mar,64,58.4,6379694,5819200,560494,8.8
2010,Apr,63.5,58,6388079,5830330,557749,8.7
2010,May,63.5,58.1,6391191,5841003,550188,8.6
2010,Jun,63.5,58.1,6389281,5848796,540485,8.5
2010,Jul,63.4,58.1,6385131,5852928,532203,8.3
2010,Aug,63.3,58.1,6381818,5854796,527022,8.3
2010,Sep,63.3,58.1,6380096,5855882,524214,8.2
2010,Oct,63.3,58.1,6380163,5858306,521857,8.2
2010,Nov,63.2,58.1,6380798,5862475,518323,8.1
2010,Dec,63.2,58.1,6380401,5867689,512712,8
2011,Jan,63.2,58.2,6379705,5873507,506198,7.9
2011,Feb,63.2,58.2,6379241,5878342,500899,7.9
2011,Mar,63.1,58.2,6378192,5880105,498087,7.8
2011,Apr,63.1,58.2,6377273,5878324,498949,7.8
2011,May,63.1,58.1,6378414,5874930,503484,7.9
2011,Jun,63.1,58.1,6382416,5872911,509505,8
2011,Jul,63.1,58.1,6389493,5875164,514329,8
2011,Aug,63.2,58.1,6398775,5882243,516532,8.1
2011,Sep,63.3,58.2,6408564,5893142,515422,8
2011,Oct,63.3,58.3,6417731,5906149,511582,8
2011,Nov,63.4,58.4,6424755,5918716,506039,7.9
2011,Dec,63.4,58.5,6428949,5928933,500016,7.8
2012,Jan,63.4,58.5,6431325,5936304,495021,7.7
2012,Feb,63.4,58.6,6434181,5941533,492648,7.7
2012,Mar,63.5,58.6,6438829,5944629,494200,7.7
2012,Apr,63.5,58.6,6444694,5945882,498812,7.7
2012,May,63.6,58.6,6452177,5947225,504952,7.8
2012,Jun,63.6,58.6,6461050,5950592,510458,7.9
2012,Jul,63.7,58.7,6469778,5956532,513246,7.9
2012,Aug,63.8,58.7,6478052,5964269,513783,7.9
2012,Sep,63.8,58.8,6486259,5972524,513735,7.9
2012,Oct,63.9,58.8,6492311,5978763,513548,7.9
2012,Nov,63.9,58.8,6494440,5981227,513213,7.9
2012,Dec,63.8,58.8,6492123,5979822,512301,7.9
2013,Jan,63.8,58.8,6485609,5975489,510120,7.9
2013,Feb,63.7,58.7,6476720,5970873,505847,7.8
2013,Mar,63.6,58.7,6468145,5968960,499185,7.7
2013,Apr,63.5,58.7,6462138,5971194,490944,7.6
2013,May,63.5,58.7,6457576,5974768,482808,7.5
2013,Jun,63.4,58.7,6452910,5976455,476455,7.4
2013,Jul,63.3,58.7,6446904,5974715,472189,7.3
2013,Aug,63.2,58.6,6437449,5970378,467071,7.3
2013,Sep,63.1,58.6,6424324,5965324,459000,7.1
2013,Oct,62.9,58.5,6411110,5962001,449109,7
2013,Nov,62.8,58.5,6401238,5962844,438394,6.8
2013,Dec,62.8,58.6,6395638,5968052,427586,6.7
2014,Jan,62.7,58.6,6390718,5974568,416150,6.5
2014,Feb,62.7,58.7,6390130,5984257,405873,6.4
2014,Mar,62.7,58.8,6390445,5993141,397304,6.2
2014,Apr,62.7,58.8,6389690,5999356,390334,6.1
2014,May,62.6,58.9,6387859,6004290,383569,6
2014,Jun,62.6,58.9,6386672,6010539,376133,5.9
2014,Jul,62.6,59,6386798,6018503,368295,5.8
2014,Aug,62.6,59.1,6389457,6028063,361394,5.7
2014,Sep,62.6,59.2,6394458,6038377,356081,5.6
2014,Oct,62.7,59.2,6399147,6047558,351589,5.5
2014,Nov,62.7,59.3,6401135,6053488,347647,5.4
2014,Dec,62.7,59.3,6401465,6056206,345259,5.4
2015,Jan,62.7,59.3,6399152,6054716,344436,5.4
2015,Feb,62.7,59.3,6401333,6055615,345718,5.4
2015,Mar,62.7,59.3,6405295,6058467,346828,5.4
2015,Apr,62.8,59.4,6410460,6063733,346727,5.4
2015,May,62.8,59.4,6414874,6069891,344983,5.4
2015,Jun,62.8,59.5,6416605,6074841,341764,5.3
2015,Jul,62.8,59.5,6416096,6078208,337888,5.3
2015,Aug,62.8,59.5,6414557,6080455,334102,5.2
2015,Sep,62.8,59.5,6413808,6082884,330924,5.2
2015,Oct,62.8,59.6,6416898,6087539,329359,5.1
2015,Nov,62.9,59.6,6425117,6094701,330416,5.1
2015,Dec,63,59.7,6436000,6102351,333649,5.2
2016,Jan,63.1,59.8,6445838,6107965,337873,5.2
2016,Feb,63.1,59.8,6452328,6110021,342307,5.3
2016,Mar,63.1,59.8,6454582,6108468,346114,5.4
2016,Apr,63.1,59.7,6453865,6104727,349138,5.4
2016,May,63.1,59.7,6452585,6101029,351556,5.4
2016,Jun,63.1,59.6,6451948,6098796,353152,5.5
2016,Jul,63.1,59.6,6451697,6098351,353346,5.5
2016,Aug,63.1,59.6,6451194,6098909,352285,5.5
2016,Sep,63,59.6,6449916,6099486,350430,5.4
2016,Oct,63,59.6,6447013,6099457,347556,5.4
2016,Nov,62.9,59.6,6443076,6099876,343200,5.3
2016,Dec,62.9,59.6,6439878,6101979,337899,5.2
2017,Jan,62.9,59.6,6438537,6105806,332731,5.2
2017,Feb,62.9,59.7,6438587,6110693,327894,5.1
2017,Mar,62.9,59.7,6438280,6114675,323605,5
2017,Apr,62.9,59.7,6436939,6117208,319731,5
2017,May,62.8,59.8,6433906,6118328,315578,4.9
2017,Jun,62.8,59.7,6429454,6117991,311463,4.8
2017,Jul,62.7,59.7,6424959,6116627,308332,4.8
2017,Aug,62.7,59.7,6420622,6114524,306098,4.8
2017,Sep,62.6,59.6,6416554,6112224,304330,4.7
2017,Oct,62.6,59.6,6412816,6110386,302430,4.7
2017,Nov,62.5,59.6,6409039,6108932,300107,4.7
2017,Dec,62.5,59.6,6405191,6108667,296524,4.6
2018,Jan,62.4,59.6,6402605,6110928,291677,4.6
2018,Feb,62.4,59.6,6403044,6116640,286404,4.5
2018,Mar,62.5,59.7,6406524,6125296,281228,4.4
2018,Apr,62.5,59.8,6410857,6134305,276552,4.3
2018,May,62.5,59.9,6414949,6141775,273174,4.3
2018,Jun,62.6,59.9,6419058,6148154,270904,4.2
2018,Jul,62.6,60,6423003,6154096,268907,4.2
2018,Aug,62.6,60,6428005,6160593,267412,4.2
2018,Sep,62.7,60.1,6434391,6168060,266331,4.1
2018,Oct,62.7,60.1,6441664,6176061,265603,4.1
2018,Nov,62.8,60.2,6448723,6183700,265023,4.1
2018,Dec,62.8,60.3,6453700,6189089,264611,4.1
2019,Jan,62.8,60.3,6455146,6190720,264426,4.1
2019,Feb,62.8,60.3,6452662,6188346,264316,4.1
2019,Mar,62.8,60.2,6449431,6184335,265096,4.1
2019,Apr,62.8,60.2,6449195,6182165,267030,4.1
2019,May,62.8,60.2,6454236,6183946,270290,4.2
2019,Jun,62.9,60.3,6465538,6190327,275211,4.3
2019,Jul,63.1,60.4,6484491,6202028,282463,4.4
2019,Aug,63.3,60.5,6505764,6215256,290508,4.5
2019,Sep,63.5,60.6,6525482,6227604,297878,4.6
2019,Oct,63.6,60.6,6539128,6235732,303396,4.6
2019,Nov,63.6,60.6,6540059,6235989,304070,4.6
2019,Dec,63.6,60.6,6537907,6234518,303389,4.6
2020,Jan,63.7,60.7,6549144,6242115,307029,4.7
2020,Feb,63.8,60.8,6558419,6249391,309028,4.7
2020,Mar,63.6,59.9,6542916,6163426,379490,5.8
2020,Apr,62.7,52.6,6447477,5410390,1037087,16.1
2020,May,63.2,54.7,6502535,5628460,874075,13.4
2020,Jun,61.9,53.7,6365347,5523125,842222,13.2
2020,Jul,61.8,54.1,6361009,5567319,793690,12.5
2020,Aug,61.3,54.9,6312511,5653445,659066,10.4
2020,Sep,61.8,56.8,6365388,5847307,518081,8.1
