Year,Period,labor force participation rate,employment-population ratio,labor force,employment,unemployment,unemployment rate
1976,Jan,65.2,60.2,1292816,1195062,97754,7.6
1976,Feb,65,60.1,1292440,1194788,97652,7.6
1976,Mar,64.8,60,1291686,1195034,96652,7.5
1976,Apr,64.7,60,1291005,1196768,94237,7.3
1976,May,64.5,59.9,1291116,1199126,91990,7.1
1976,Jun,64.5,59.9,1292328,1201890,90438,7
1976,Jul,64.4,59.9,1294202,1204370,89832,6.9
1976,Aug,64.4,59.9,1296450,1206523,89927,6.9
1976,Sep,64.4,59.9,1298645,1208467,90178,6.9
1976,Oct,64.3,59.8,1300986,1210147,90839,7
1976,Nov,64.3,59.8,1303828,1211696,92132,7.1
1976,Dec,64.3,59.7,1307111,1213389,93722,7.2
1977,Jan,64.4,59.7,1310962,1215633,95329,7.3
1977,Feb,64.4,59.7,1315111,1218664,96447,7.3
1977,Mar,64.5,59.8,1318733,1222378,96355,7.3
1977,Apr,64.5,59.8,1321586,1226576,95010,7.2
1977,May,64.5,59.9,1323803,1230885,92918,7
1977,Jun,64.4,60,1325795,1234941,90854,6.9
1977,Jul,64.4,60,1327937,1238518,89419,6.7
1977,Aug,64.3,60,1330448,1241696,88752,6.7
1977,Sep,64.3,60,1332985,1244768,88217,6.6
1977,Oct,64.3,60.1,1335057,1248001,87056,6.5
1977,Nov,64.2,60.1,1336592,1251458,85134,6.4
1977,Dec,64.1,60.1,1337785,1255000,82785,6.2
1978,Jan,64,60.2,1338891,1258518,80373,6
1978,Feb,63.9,60.2,1340562,1261946,78616,5.9
1978,Mar,63.9,60.2,1343444,1265318,78126,5.8
1978,Apr,64,60.2,1347196,1268527,78669,5.8
1978,May,64,60.2,1351256,1271638,79618,5.9
1978,Jun,64,60.2,1354890,1274843,80047,5.9
1978,Jul,64,60.3,1357614,1278122,79492,5.9
1978,Aug,64,60.3,1359587,1281326,78261,5.8
1978,Sep,63.9,60.3,1360966,1284263,76703,5.6
1978,Oct,63.9,60.3,1362041,1286867,75174,5.5
1978,Nov,63.8,60.3,1363127,1289146,73981,5.4
1978,Dec,63.7,60.3,1364408,1291073,73335,5.4
1979,Jan,63.6,60.2,1365685,1292726,72959,5.3
1979,Feb,63.6,60.2,1366387,1294377,72010,5.3
1979,Mar,63.4,60.2,1366301,1296202,70099,5.1
1979,Apr,63.3,60.2,1366008,1298259,67749,5
1979,May,63.2,60.1,1366141,1300436,65705,4.8
1979,Jun,63.1,60.1,1367106,1302405,64701,4.7
1979,Jul,63.1,60.1,1368994,1304126,64868,4.7
1979,Aug,63,60,1371645,1305632,66013,4.8
1979,Sep,63.1,60,1375073,1307008,68065,4.9
1979,Oct,63.1,59.9,1378811,1308388,70423,5.1
1979,Nov,63.1,59.8,1382133,1309807,72326,5.2
1979,Dec,63.1,59.8,1384755,1311202,73553,5.3
1980,Jan,63.1,59.7,1386955,1312179,74776,5.4
1980,Feb,63.1,59.6,1389421,1312122,77299,5.6
1980,Mar,63.1,59.4,1392677,1310880,81797,5.9
1980,Apr,63.1,59.2,1396536,1308866,87670,6.3
1980,May,63.2,59,1400747,1306737,94010,6.7
1980,Jun,63.3,58.8,1405080,1305250,99830,7.1
1980,Jul,63.4,58.7,1408953,1304891,104062,7.4
1980,Aug,63.4,58.6,1411821,1305901,105920,7.5
1980,Sep,63.4,58.6,1413654,1308192,105462,7.5
1980,Oct,63.3,58.7,1415217,1311250,103967,7.3
1980,Nov,63.3,58.7,1417292,1314495,102797,7.3
1980,Dec,63.3,58.8,1420134,1317507,102627,7.2
1981,Jan,63.4,58.8,1423668,1320068,103600,7.3
1981,Feb,63.4,58.8,1427338,1322211,105127,7.4
1981,Mar,63.5,58.7,1430390,1323877,106513,7.4
1981,Apr,63.4,58.7,1432604,1324934,107670,7.5
1981,May,63.4,58.6,1434154,1325470,108684,7.6
1981,Jun,63.4,58.5,1435676,1325664,110012,7.7
1981,Jul,63.4,58.4,1438271,1325618,112653,7.8
1981,Aug,63.5,58.3,1442346,1325306,117040,8.1
1981,Sep,63.6,58.2,1447448,1324675,122773,8.5
1981,Oct,63.7,58.1,1452772,1323745,129027,8.9
1981,Nov,63.8,57.9,1457677,1322586,135091,9.3
1981,Dec,64,57.8,1462205,1321358,140847,9.6
1982,Jan,64.1,57.7,1466288,1320182,146106,10
1982,Feb,64.1,57.5,1469949,1319031,150918,10.3
1982,Mar,64.2,57.4,1473524,1317937,155587,10.6
1982,Apr,64.2,57.3,1476820,1316813,160007,10.8
1982,May,64.2,57.1,1479281,1315518,163763,11.1
1982,Jun,64.2,57,1480578,1314096,166482,11.2
1982,Jul,64.1,56.8,1480840,1312716,168124,11.4
1982,Aug,64,56.7,1480837,1311593,169244,11.4
1982,Sep,64,56.6,1481367,1310890,170477,11.5
1982,Oct,64,56.5,1482788,1310643,172145,11.6
1982,Nov,64,56.5,1484881,1310831,174050,11.7
1982,Dec,64,56.5,1486711,1311403,175308,11.8
1983,Jan,64,56.4,1487706,1312483,175223,11.8
1983,Feb,63.9,56.4,1487637,1314447,173190,11.6
1983,Mar,63.8,56.5,1486243,1317462,168781,11.4
1983,Apr,63.6,56.6,1484178,1321718,162460,10.9
1983,May,63.4,56.8,1482396,1327200,155196,10.5
1983,Jun,63.3,57,1481344,1333508,147836,10
1983,Jul,63.2,57.2,1481174,1340167,141007,9.5
1983,Aug,63.2,57.4,1481802,1346651,135151,9.1
1983,Sep,63.2,57.6,1483051,1352733,130318,8.8
1983,Oct,63.1,57.8,1484522,1358504,126018,8.5
1983,Nov,63.1,57.9,1485925,1364055,121870,8.2
1983,Dec,63.1,58.1,1487170,1369412,117758,7.9
1984,Jan,63.1,58.3,1488167,1374763,113404,7.6
1984,Feb,63,58.4,1489335,1380330,109005,7.3
1984,Mar,63,58.6,1491495,1386194,105301,7.1
1984,Apr,63.1,58.8,1494804,1392124,102680,6.9
1984,May,63.2,58.9,1499105,1397651,101454,6.8
1984,Jun,63.3,59.1,1504011,1402441,101570,6.8
1984,Jul,63.4,59.1,1508695,1406332,102363,6.8
1984,Aug,63.5,59.1,1512580,1409454,103126,6.8
1984,Sep,63.5,59.2,1515386,1411934,103452,6.8
1984,Oct,63.4,59.1,1517216,1414146,103070,6.8
1984,Nov,63.4,59.1,1518527,1416707,101820,6.7
1984,Dec,63.3,59.1,1520004,1419971,100033,6.6
1985,Jan,63.3,59.2,1522319,1423668,98651,6.5
1985,Feb,63.3,59.2,1525780,1427135,98645,6.5
1985,Mar,63.4,59.2,1530401,1430055,100346,6.6
1985,Apr,63.5,59.2,1536238,1432675,103563,6.7
1985,May,63.7,59.2,1542873,1435335,107538,7
1985,Jun,63.8,59.2,1549339,1438226,111113,7.2
1985,Jul,63.9,59.3,1554847,1441386,113461,7.3
1985,Aug,64,59.4,1558789,1444871,113918,7.3
1985,Sep,64.1,59.5,1561212,1448660,112552,7.2
1985,Oct,64.1,59.6,1562889,1452558,110331,7.1
1985,Nov,64.2,59.7,1564686,1456362,108324,6.9
1985,Dec,64.2,59.8,1567224,1460112,107112,6.8
1986,Jan,64.3,59.9,1570659,1463898,106761,6.8
1986,Feb,64.4,60,1574605,1467795,106810,6.8
1986,Mar,64.5,60.1,1578305,1471764,106541,6.8
1986,Apr,64.6,60.3,1581199,1475607,105592,6.7
1986,May,64.6,60.4,1583273,1479377,103896,6.6
1986,Jun,64.6,60.5,1585147,1483256,101891,6.4
1986,Jul,64.7,60.6,1587320,1487267,100053,6.3
1986,Aug,64.7,60.7,1590061,1491353,98708,6.2
1986,Sep,64.7,60.8,1593479,1495476,98003,6.2
1986,Oct,64.8,60.8,1597469,1499541,97928,6.1
1986,Nov,64.9,60.9,1601905,1503370,98535,6.2
1986,Dec,65,61,1606745,1507155,99590,6.2
1987,Jan,65.1,61,1611747,1511265,100482,6.2
1987,Feb,65.2,61.1,1616157,1515742,100415,6.2
1987,Mar,65.2,61.2,1619217,1520281,98936,6.1
1987,Apr,65.2,61.3,1620542,1524512,96030,5.9
1987,May,65.1,61.4,1620510,1528375,92135,5.7
1987,Jun,65,61.4,1620121,1532025,88096,5.4
1987,Jul,64.9,61.5,1620623,1535836,84787,5.2
1987,Aug,64.9,61.6,1622982,1539972,83010,5.1
1987,Sep,65,61.7,1627215,1544472,82743,5.1
1987,Oct,65.1,61.8,1632476,1549209,83267,5.1
1987,Nov,65.2,61.9,1637604,1553995,83609,5.1
1987,Dec,65.3,62,1641761,1558375,83386,5.1
1988,Jan,65.4,62.1,1644589,1562023,82566,5
1988,Feb,65.3,62.1,1646568,1565257,81311,4.9
1988,Mar,65.3,62.2,1648506,1568427,80079,4.9
1988,Apr,65.4,62.2,1650860,1571689,79171,4.8
1988,May,65.4,62.3,1653508,1574957,78551,4.8
1988,Jun,65.4,62.3,1656191,1578169,78022,4.7
1988,Jul,65.4,62.4,1658628,1581294,77334,4.7
1988,Aug,65.4,62.4,1660837,1584445,76392,4.6
1988,Sep,65.5,62.5,1663191,1587886,75305,4.5
1988,Oct,65.5,62.6,1665817,1591674,74143,4.5
1988,Nov,65.5,62.7,1668611,1595658,72953,4.4
1988,Dec,65.6,62.8,1671234,1599486,71748,4.3
1989,Jan,65.6,62.8,1673777,1602930,70847,4.2
1989,Feb,65.6,62.9,1676648,1605876,70772,4.2
1989,Mar,65.7,62.9,1680203,1608734,71469,4.3
1989,Apr,65.8,63,1684455,1611854,72601,4.3
1989,May,65.9,63,1689486,1615102,74384,4.4
1989,Jun,66.1,63.1,1695229,1618250,76979,4.5
1989,Jul,66.3,63.1,1701194,1621055,80139,4.7
1989,Aug,66.4,63.2,1706675,1623573,83102,4.9
1989,Sep,66.5,63.2,1711165,1626043,85122,5
1989,Oct,66.6,63.2,1714788,1629045,85743,5
1989,Nov,66.6,63.3,1717887,1632929,84958,4.9
1989,Dec,66.7,63.5,1721004,1637819,83185,4.8
1990,Jan,66.8,63.6,1724440,1643521,80919,4.7
1990,Feb,66.8,63.7,1728145,1649295,78850,4.6
1990,Mar,66.8,63.8,1732049,1654199,77850,4.5
1990,Apr,66.8,63.8,1736374,1657899,78475,4.5
1990,May,66.8,63.8,1740964,1660747,80217,4.6
1990,Jun,66.8,63.7,1745097,1662936,82161,4.7
1990,Jul,66.9,63.6,1748704,1664728,83976,4.8
1990,Aug,66.8,63.6,1751455,1665944,85511,4.9
1990,Sep,66.8,63.5,1752939,1665981,86958,5
1990,Oct,66.7,63.3,1753453,1664598,88855,5.1
1990,Nov,66.6,63.1,1753473,1662076,91397,5.2
1990,Dec,66.4,62.9,1753261,1658858,94403,5.4
1991,Jan,66.3,62.6,1753119,1655381,97738,5.6
1991,Feb,66.2,62.4,1753239,1652339,100900,5.8
1991,Mar,66.2,62.3,1753485,1650179,103306,5.9
1991,Apr,66.1,62.1,1753735,1648920,104815,6
1991,May,66,62,1754068,1648388,105680,6
1991,Jun,65.9,61.9,1754845,1648447,106398,6.1
1991,Jul,65.8,61.8,1756175,1648862,107313,6.1
1991,Aug,65.8,61.8,1758512,1649641,108871,6.2
1991,Sep,65.9,61.8,1762200,1651015,111185,6.3
1991,Oct,66,61.7,1766644,1652737,113907,6.4
1991,Nov,66.1,61.8,1771198,1654589,116609,6.6
1991,Dec,66.2,61.8,1775277,1656502,118775,6.7
1992,Jan,66.2,61.8,1778423,1658374,120049,6.8
1992,Feb,66.3,61.8,1780673,1660139,120534,6.8
1992,Mar,66.3,61.8,1782371,1661945,120426,6.8
1992,Apr,66.3,61.8,1783843,1663869,119974,6.7
1992,May,66.3,61.8,1785226,1665769,119457,6.7
1992,Jun,66.2,61.8,1786762,1667682,119080,6.7
1992,Jul,66.3,61.9,1788622,1669663,118959,6.7
1992,Aug,66.2,61.8,1790740,1671653,119087,6.7
1992,Sep,66.2,61.8,1793148,1673606,119542,6.7
1992,Oct,66.2,61.8,1796144,1675579,120565,6.7
1992,Nov,66.3,61.8,1799955,1677532,122423,6.8
1992,Dec,66.4,61.8,1804696,1679551,125145,6.9
1993,Jan,66.5,61.8,1810260,1681850,128410,7.1
1993,Feb,66.6,61.8,1816288,1684519,131769,7.3
1993,Mar,66.8,61.9,1822444,1687550,134894,7.4
1993,Apr,66.9,61.9,1828081,1690812,137269,7.5
1993,May,67,62,1832606,1694065,138541,7.6
1993,Jun,67,62,1835429,1696898,138531,7.5
1993,Jul,67,62,1836253,1699106,137147,7.5
1993,Aug,66.9,62,1835677,1700927,134750,7.3
1993,Sep,66.8,62,1834741,1702741,132000,7.2
1993,Oct,66.7,62,1834486,1704877,129609,7.1
1993,Nov,66.7,62,1835595,1707378,128217,7
1993,Dec,66.7,62,1837973,1710120,127853,7
1994,Jan,66.7,62.1,1840806,1712901,127905,6.9
1994,Feb,66.7,62.1,1842887,1715454,127433,6.9
1994,Mar,66.7,62.1,1843463,1717605,125858,6.8
1994,Apr,66.6,62.1,1842657,1719518,123139,6.7
1994,May,66.5,62.2,1841246,1721564,119682,6.5
1994,Jun,66.4,62.2,1840283,1724195,116088,6.3
1994,Jul,66.3,62.3,1840473,1727658,112815,6.1
1994,Aug,66.3,62.3,1841698,1731720,109978,6
1994,Sep,66.2,62.4,1843410,1736031,107379,5.8
1994,Oct,66.2,62.4,1844739,1740227,104512,5.7
1994,Nov,66.1,62.5,1845282,1744156,101126,5.5
1994,Dec,66.1,62.6,1845273,1747655,97618,5.3
1995,Jan,66,62.6,1845119,1750536,94583,5.1
1995,Feb,65.9,62.6,1845467,1752891,92576,5
1995,Mar,65.9,62.6,1846724,1754904,91820,5
1995,Apr,65.9,62.6,1848900,1756747,92153,5
1995,May,65.9,62.6,1851884,1758642,93242,5
1995,Jun,66,62.6,1855284,1760584,94700,5.1
1995,Jul,66,62.6,1858814,1762503,96311,5.2
1995,Aug,66.1,62.6,1862152,1764262,97890,5.3
1995,Sep,66.1,62.6,1864868,1765616,99252,5.3
1995,Oct,66.1,62.5,1866870,1766491,100379,5.4
1995,Nov,66.1,62.5,1868198,1766918,101280,5.4
1995,Dec,66,62.4,1869282,1767077,102205,5.5
1996,Jan,66,62.4,1871042,1767613,103429,5.5
1996,Feb,66.1,62.4,1874064,1768985,105079,5.6
1996,Mar,66.2,62.4,1878309,1771350,106959,5.7
1996,Apr,66.3,62.5,1883395,1774630,108765,5.8
1996,May,66.4,62.5,1888590,1778448,110142,5.8
1996,Jun,66.5,62.6,1893481,1782512,110969,5.9
1996,Jul,66.6,62.7,1897883,1786501,111382,5.9
1996,Aug,66.6,62.7,1901727,1790134,111593,5.9
1996,Sep,66.6,62.7,1905026,1793307,111719,5.9
1996,Oct,66.6,62.7,1907843,1796032,111811,5.9
1996,Nov,66.6,62.7,1910109,1798614,111495,5.8
1996,Dec,66.5,62.7,1911598,1801480,110118,5.8
1997,Jan,66.5,62.7,1912187,1804601,107586,5.6
1997,Feb,66.4,62.8,1912019,1807847,104172,5.4
1997,Mar,66.3,62.8,1911483,1811277,100206,5.2
1997,Apr,66.2,62.9,1911093,1814802,96291,5
1997,May,66.1,62.9,1911059,1818371,92688,4.9
1997,Jun,66,62.9,1911124,1821943,89181,4.7
1997,Jul,65.9,63,1911037,1825560,85477,4.5
1997,Aug,65.8,63,1911076,1829413,81663,4.3
1997,Sep,65.7,63.1,1911498,1833544,77954,4.1
1997,Oct,65.7,63.1,1912514,1837843,74671,3.9
1997,Nov,65.6,63.1,1914019,1842000,72019,3.8
1997,Dec,65.6,63.2,1915820,1845796,70024,3.7
1998,Jan,65.6,63.2,1917833,1849249,68584,3.6
1998,Feb,65.6,63.3,1920275,1852615,67660,3.5
1998,Mar,65.6,63.3,1923399,1855921,67478,3.5
1998,Apr,65.7,63.3,1927404,1859403,68001,3.5
1998,May,65.7,63.4,1932403,1863193,69210,3.6
1998,Jun,65.8,63.4,1938322,1867093,71229,3.7
1998,Jul,66,63.5,1944583,1870815,73768,3.8
1998,Aug,66.1,63.5,1950324,1874173,76151,3.9
1998,Sep,66.1,63.5,1955149,1877131,78018,4
1998,Oct,66.2,63.5,1958901,1879775,79126,4
1998,Nov,66.2,63.5,1961970,1882203,79767,4.1
1998,Dec,66.2,63.5,1965042,1884535,80507,4.1
1999,Jan,66.3,63.5,1968088,1886723,81365,4.1
1999,Feb,66.3,63.5,1970906,1888696,82210,4.2
1999,Mar,66.3,63.5,1973367,1890504,82863,4.2
1999,Apr,66.3,63.5,1975378,1892052,83326,4.2
1999,May,66.2,63.4,1977104,1893293,83811,4.2
1999,Jun,66.2,63.4,1979045,1894572,84473,4.3
1999,Jul,66.2,63.4,1981630,1896168,85462,4.3
1999,Aug,66.3,63.4,1984816,1898257,86559,4.4
1999,Sep,66.3,63.4,1988126,1900914,87212,4.4
1999,Oct,66.3,63.4,1991125,1904151,86974,4.4
1999,Nov,66.3,63.5,1993320,1907894,85426,4.3
1999,Dec,66.3,63.5,1994426,1911726,82700,4.1
2000,Jan,66.2,63.6,1995253,1915592,79661,4
2000,Feb,66.2,63.7,1996183,1919155,77028,3.9
2000,Mar,66.2,63.7,1997123,1921756,75367,3.8
2000,Apr,66.2,63.7,1997774,1922900,74874,3.7
2000,May,66.1,63.6,1997557,1922499,75058,3.8
2000,Jun,66,63.5,1996023,1920870,75153,3.8
2000,Jul,65.8,63.4,1993627,1918912,74715,3.7
2000,Aug,65.7,63.3,1991513,1917628,73885,3.7
2000,Sep,65.6,63.2,1990790,1917596,73194,3.7
2000,Oct,65.6,63.1,1992277,1918893,73384,3.7
2000,Nov,65.6,63.2,1996135,1920962,75173,3.8
2000,Dec,65.2,62.6,1983744,1905132,78612,4
2001,Jan,64.8,62.1,1974517,1891402,83115,4.2
2001,Feb,64.5,61.6,1966697,1878723,87974,4.5
2001,Mar,64.2,61.2,1959685,1867303,92382,4.7
2001,Apr,63.9,60.8,1953422,1857616,95806,4.9
2001,May,63.7,60.5,1948506,1850022,98484,5.1
2001,Jun,63.5,60.2,1945191,1844269,100922,5.2
2001,Jul,63.4,60,1943435,1839899,103536,5.3
2001,Aug,63.3,59.8,1942580,1836132,106448,5.5
2001,Sep,63.2,59.6,1941785,1832479,109306,5.6
2001,Oct,63.1,59.5,1940357,1828774,111583,5.8
2001,Nov,63,59.3,1938288,1825238,113050,5.8
2001,Dec,62.9,59.2,1936423,1822629,113794,5.9
2002,Jan,62.8,59.1,1935744,1821724,114020,5.9
2002,Feb,62.8,59.1,1936494,1822644,113850,5.9
2002,Mar,62.8,59.1,1938335,1824931,113404,5.9
2002,Apr,62.8,59.1,1941025,1828234,112791,5.8
2002,May,62.8,59.2,1944162,1832153,112009,5.8
2002,Jun,62.9,59.3,1947433,1836245,111188,5.7
2002,Jul,62.9,59.4,1950188,1839764,110424,5.7
2002,Aug,62.9,59.4,1952687,1842425,110262,5.6
2002,Sep,63,59.4,1956061,1844379,111682,5.7
2002,Oct,63.1,59.4,1960701,1845880,114821,5.9
2002,Nov,63.2,59.3,1966380,1847301,119079,6.1
2002,Dec,63.3,59.3,1972351,1848753,123598,6.3
2003,Jan,63.4,59.3,1978143,1850315,127828,6.5
2003,Feb,63.6,59.4,1983676,1852049,131627,6.6
2003,Mar,63.7,59.4,1988592,1853800,134792,6.8
2003,Apr,63.8,59.4,1992454,1855244,137210,6.9
2003,May,63.8,59.4,1995281,1856287,138994,7
2003,Jun,63.8,59.3,1997576,1857285,140291,7
2003,Jul,63.8,59.3,1999864,1858697,141167,7.1
2003,Aug,63.8,59.3,2002175,1860712,141463,7.1
2003,Sep,63.8,59.3,2003938,1863178,140760,7
2003,Oct,63.7,59.3,2005443,1865851,139592,7
2003,Nov,63.7,59.3,2007179,1868608,138571,6.9
2003,Dec,63.7,59.3,2009350,1871428,137922,6.9
2004,Jan,63.7,59.4,2012030,1874377,137653,6.8
2004,Feb,63.8,59.4,2015284,1877626,137658,6.8
2004,Mar,63.8,59.5,2019359,1881314,138045,6.8
2004,Apr,63.9,59.5,2024051,1885358,138693,6.9
2004,May,64,59.6,2028750,1889526,139224,6.9
2004,Jun,64,59.6,2033029,1893597,139432,6.9
2004,Jul,64.1,59.7,2036822,1897404,139418,6.8
2004,Aug,64.1,59.7,2040059,1900783,139276,6.8
2004,Sep,64.1,59.7,2042908,1903695,139213,6.8
2004,Oct,64,59.7,2045379,1906075,139304,6.8
2004,Nov,64,59.7,2047363,1907952,139411,6.8
2004,Dec,64,59.6,2049210,1909673,139537,6.8
2005,Jan,64,59.6,2050791,1911357,139434,6.8
2005,Feb,63.9,59.6,2051942,1913101,138841,6.8
2005,Mar,63.9,59.6,2053206,1915452,137754,6.7
2005,Apr,63.8,59.6,2055424,1918807,136617,6.6
2005,May,63.9,59.6,2059159,1923108,136051,6.6
2005,Jun,63.9,59.7,2064409,1927938,136471,6.6
2005,Jul,64,59.8,2070540,1932552,137988,6.7
2005,Aug,64.1,59.8,2076433,1936392,140041,6.7
2005,Sep,64.1,59.8,2081189,1939447,141742,6.8
2005,Oct,64,59.7,2084476,1942199,142277,6.8
2005,Nov,64,59.6,2086755,1945206,141549,6.8
2005,Dec,63.9,59.6,2088840,1948878,139962,6.7
2006,Jan,63.9,59.7,2091581,1953362,138219,6.6
2006,Feb,63.9,59.7,2095040,1958087,136953,6.5
2006,Mar,63.9,59.7,2098644,1962044,136600,6.5
2006,Apr,63.9,59.7,2101750,1964648,137102,6.5
2006,May,63.8,59.6,2104076,1966230,137846,6.6
2006,Jun,63.8,59.6,2105844,1967536,138308,6.6
2006,Jul,63.7,59.6,2107974,1969823,138151,6.6
2006,Aug,63.7,59.6,2111492,1974022,137470,6.5
2006,Sep,63.7,59.6,2116380,1979918,136462,6.4
2006,Oct,63.8,59.7,2121701,1986829,134872,6.4
2006,Nov,63.8,59.8,2126205,1993582,132623,6.2
2006,Dec,63.8,59.9,2128493,1998758,129735,6.1
2007,Jan,63.7,59.9,2128380,2001901,126479,5.9
2007,Feb,63.5,59.8,2126984,2003528,123456,5.8
2007,Mar,63.4,59.8,2125194,2004222,120972,5.7
2007,Apr,63.2,59.7,2123868,2004714,119154,5.6
2007,May,63.1,59.6,2123546,2005307,118239,5.6
2007,Jun,63,59.5,2124003,2005963,118040,5.6
2007,Jul,62.9,59.4,2124898,2006529,118369,5.6
2007,Aug,62.8,59.3,2125988,2006907,119081,5.6
2007,Sep,62.8,59.2,2126989,2007344,119645,5.6
2007,Oct,62.7,59.1,2127718,2007912,119806,5.6
2007,Nov,62.6,59.1,2128097,2008697,119400,5.6
2007,Dec,62.5,59,2128414,2009737,118677,5.6
2008,Jan,62.4,58.9,2128869,2010622,118247,5.6
2008,Feb,62.3,58.9,2129430,2010886,118544,5.6
2008,Mar,62.3,58.7,2130552,2010243,120309,5.6
2008,Apr,62.2,58.6,2132637,2008519,124118,5.8
2008,May,62.2,58.4,2135798,2005909,129889,6.1
2008,Jun,62.2,58.2,2139802,2002785,137017,6.4
2008,Jul,62.3,58,2143954,1999261,144693,6.7
2008,Aug,62.3,57.9,2147759,1995089,152670,7.1
2008,Sep,62.3,57.6,2151287,1989652,161635,7.5
2008,Oct,62.3,57.3,2154714,1982401,172313,8
2008,Nov,62.3,57,2158003,1973130,184873,8.6
2008,Dec,62.4,56.6,2160891,1962136,198755,9.2
2009,Jan,62.3,56.2,2162951,1950041,212910,9.8
2009,Feb,62.3,55.8,2164204,1938030,226174,10.5
2009,Mar,62.3,55.4,2164461,1927640,236821,10.9
2009,Apr,62.2,55.1,2163283,1919603,243680,11.3
2009,May,62,54.9,2160610,1913554,247056,11.4
2009,Jun,61.8,54.7,2156919,1908847,248072,11.5
2009,Jul,61.6,54.5,2152502,1904646,247856,11.5
2009,Aug,61.4,54.4,2147732,1900471,247261,11.5
2009,Sep,61.2,54.2,2143491,1896555,246936,11.5
2009,Oct,61.1,54,2140585,1893276,247309,11.6
2009,Nov,61,53.9,2139877,1891342,248535,11.6
2009,Dec,61,53.9,2141821,1891614,250207,11.7
2010,Jan,61.1,53.9,2145645,1894376,251269,11.7
2010,Feb,61.1,54,2149682,1898964,250718,11.7
2010,Mar,61.2,54.1,2152972,1904386,248586,11.5
2010,Apr,60.4,53.5,2155305,1909849,245456,11.4
2010,May,60.4,53.6,2156277,1914770,241507,11.2
2010,Jun,60.3,53.7,2156087,1918470,237617,11
2010,Jul,60.3,53.7,2155664,1920713,234951,10.9
2010,Aug,60.2,53.7,2155740,1921853,233887,10.8
2010,Sep,60.2,53.6,2156437,1922440,233997,10.9
2010,Oct,60.2,53.6,2157730,1923333,234397,10.9
2010,Nov,60.1,53.6,2159330,1925054,234276,10.8
2010,Dec,60.1,53.6,2161062,1927611,233451,10.8
2011,Jan,60.2,53.7,2163248,1930858,232390,10.7
2011,Feb,60.2,53.8,2165830,1934318,231512,10.7
2011,Mar,60.2,53.8,2168282,1937403,230879,10.6
2011,Apr,60.2,53.8,2170590,1939862,230728,10.6
2011,May,60.3,53.9,2173259,1941840,231419,10.6
2011,Jun,60.3,53.9,2176264,1943742,232522,10.7
2011,Jul,60.3,53.9,2179012,1945895,233117,10.7
2011,Aug,60.3,53.9,2180986,1948447,232539,10.7
2011,Sep,60.3,53.9,2181994,1951575,230419,10.6
2011,Oct,60.2,54,2182409,1955385,227024,10.4
2011,Nov,60.2,54,2182445,1959639,222806,10.2
2011,Dec,60.1,54.1,2182210,1963918,218292,10
2012,Jan,60,54.2,2182119,1968013,214106,9.8
2012,Feb,60,54.2,2182773,1971778,210995,9.7
2012,Mar,60,54.2,2184266,1974823,209443,9.6
2012,Apr,60,54.2,2185696,1977014,208682,9.5
2012,May,59.9,54.2,2186565,1978892,207673,9.5
2012,Jun,59.9,54.3,2186785,1981245,205540,9.4
2012,Jul,59.8,54.3,2186911,1984885,202026,9.2
2012,Aug,59.8,54.4,2187515,1989646,197869,9
2012,Sep,59.7,54.4,2188492,1994465,194027,8.9
2012,Oct,59.7,54.5,2188992,1998136,190856,8.7
2012,Nov,59.6,54.5,2188449,1999979,188470,8.6
2012,Dec,59.5,54.4,2186741,2000091,186650,8.5
2013,Jan,59.6,54.6,2194191,2009163,185028,8.4
2013,Feb,59.5,54.5,2191419,2008325,183094,8.4
2013,Mar,59.4,54.5,2189284,2008920,180364,8.2
2013,Apr,59.3,54.5,2188745,2011747,176998,8.1
2013,May,59.3,54.6,2189813,2016341,173472,7.9
2013,Jun,59.2,54.6,2191736,2021573,170163,7.8
2013,Jul,59.2,54.7,2193371,2026367,167004,7.6
2013,Aug,59.2,54.8,2193690,2030507,163183,7.4
2013,Sep,59.1,54.8,2192758,2034334,158424,7.2
2013,Oct,59,54.8,2191562,2038170,153392,7
2013,Nov,58.9,54.9,2191109,2042499,148610,6.8
2013,Dec,58.8,54.9,2191798,2047455,144343,6.6
2014,Jan,58.8,55,2192798,2052126,140672,6.4
2014,Feb,58.8,55.1,2195471,2057451,138020,6.3
2014,Mar,58.8,55.2,2199502,2062513,136989,6.2
2014,Apr,58.9,55.2,2204642,2066823,137819,6.3
2014,May,59,55.2,2210578,2070652,139926,6.3
2014,Jun,59.1,55.3,2217336,2074712,142624,6.4
2014,Jul,59.2,55.3,2224689,2079282,145407,6.5
2014,Aug,59.3,55.4,2232423,2084528,147895,6.6
2014,Sep,59.4,55.5,2239966,2090391,149575,6.7
2014,Oct,59.5,55.5,2246285,2096431,149854,6.7
2014,Nov,59.5,55.6,2250696,2101881,148815,6.6
2014,Dec,59.5,55.7,2253791,2106459,147332,6.5
2015,Jan,59.6,55.8,2260386,2113892,146494,6.5
2015,Feb,59.6,55.8,2263178,2117582,145596,6.4
2015,Mar,59.6,55.8,2266055,2121533,144522,6.4
2015,Apr,59.6,55.9,2268702,2126010,142692,6.3
2015,May,59.6,55.9,2270840,2130771,140069,6.2
2015,Jun,59.5,55.9,2272322,2135392,136930,6
2015,Jul,59.5,56,2273546,2139834,133712,5.9
2015,Aug,59.4,56,2275005,2144099,130906,5.8
2015,Sep,59.4,56.1,2276928,2148296,128632,5.6
2015,Oct,59.4,56.1,2279762,2152707,127055,5.6
2015,Nov,59.4,56.1,2283650,2157415,126235,5.5
2015,Dec,59.4,56.2,2287732,2162132,125600,5.5
2016,Jan,59.4,56.2,2291091,2166397,124694,5.4
2016,Feb,59.4,56.2,2293423,2169928,123495,5.4
2016,Mar,59.4,56.2,2294748,2172723,122025,5.3
2016,Apr,59.3,56.2,2295683,2175240,120443,5.2
2016,May,59.3,56.2,2296654,2177878,118776,5.2
2016,Jun,59.2,56.2,2297516,2180630,116886,5.1
2016,Jul,59.1,56.2,2298185,2183470,114715,5
2016,Aug,59.1,56.2,2298778,2186259,112519,4.9
2016,Sep,59,56.2,2299557,2188857,110700,4.8
2016,Oct,58.9,56.1,2300329,2191210,109119,4.7
2016,Nov,58.9,56.1,2300988,2193555,107433,4.7
2016,Dec,58.8,56.1,2301759,2196060,105699,4.6
2017,Jan,58.8,56.1,2302787,2198812,103975,4.5
2017,Feb,58.7,56.1,2303971,2201818,102153,4.4
2017,Mar,58.7,56.1,2305250,2204694,100556,4.4
2017,Apr,58.7,56.1,2306727,2207324,99403,4.3
2017,May,58.6,56.1,2308547,2209859,98688,4.3
2017,Jun,58.6,56.1,2310850,2212394,98456,4.3
2017,Jul,58.6,56.1,2313304,2214704,98600,4.3
2017,Aug,58.6,56.1,2315408,2216712,98696,4.3
2017,Sep,58.6,56.1,2317122,2218754,98368,4.2
2017,Oct,58.5,56.1,2318668,2221181,97487,4.2
2017,Nov,58.5,56.1,2320154,2224179,95975,4.1
2017,Dec,58.5,56.1,2321646,2228024,93622,4
2018,Jan,58.4,56.2,2323502,2232819,90683,3.9
2018,Feb,58.4,56.2,2325939,2238369,87570,3.8
2018,Mar,58.4,56.3,2328663,2244195,84468,3.6
2018,Apr,58.4,56.4,2331110,2249393,81717,3.5
2018,May,58.4,56.4,2333214,2253422,79792,3.4
2018,Jun,58.4,56.4,2335368,2256694,78674,3.4
2018,Jul,58.4,56.4,2338109,2260018,78091,3.3
2018,Aug,58.4,56.5,2341903,2264006,77897,3.3
2018,Sep,58.4,56.5,2346596,2268697,77899,3.3
2018,Oct,58.5,56.6,2351941,2273860,78081,3.3
2018,Nov,58.6,56.6,2357630,2279069,78561,3.3
2018,Dec,58.6,56.7,2363064,2283671,79393,3.4
2019,Jan,58.7,56.7,2367422,2287166,80256,3.4
2019,Feb,58.7,56.7,2370060,2289490,80570,3.4
2019,Mar,58.6,56.7,2371243,2291362,79881,3.4
2019,Apr,58.6,56.7,2371542,2293871,77671,3.3
2019,May,58.5,56.7,2371610,2297752,73858,3.1
2019,Jun,58.4,56.7,2372211,2303048,69163,2.9
2019,Jul,58.4,56.8,2374220,2309920,64300,2.7
2019,Aug,58.4,56.9,2376923,2316783,60140,2.5
2019,Sep,58.4,57,2380292,2322842,57450,2.4
2019,Oct,58.4,57,2383056,2326812,56244,2.4
2019,Nov,58.3,56.9,2383533,2326821,56712,2.4
2019,Dec,58.2,56.8,2383297,2326018,57279,2.4
2020,Jan,58.3,56.9,2387096,2330497,56599,2.4
2020,Feb,58.3,56.9,2391855,2333224,58631,2.5
2020,Mar,58.6,56.7,2405171,2328802,76369,3.2
2020,Apr,57.8,50.4,2376830,2073470,303360,12.8
2020,May,58.7,51.4,2416098,2116430,299668,12.4
2020,Jun,59.2,54,2438395,2226783,211612,8.7
2020,Jul,59.6,54.4,2458905,2246003,212902,8.7
2020,Aug,58.6,54.8,2421059,2266250,154809,6.4
2020,Sep,57.7,54.8,2390306,2268821,121485,5.1
