Year,Period,labor force participation rate,employment-population ratio,labor force,employment,unemployment,unemployment rate
1976,Jan,52,47.9,702600,647491,55109,7.8
1976,Feb,51.9,47.8,702802,647556,55246,7.9
1976,Mar,51.8,47.7,702963,647481,55482,7.9
1976,Apr,51.6,47.6,702202,646833,55369,7.9
1976,May,51.4,47.4,700747,646032,54715,7.8
1976,Jun,51.1,47.2,698539,645282,53257,7.6
1976,Jul,50.8,47.1,695860,644584,51276,7.4
1976,Aug,50.6,47,693315,644460,48855,7
1976,Sep,50.3,46.9,691711,645060,46651,6.7
1976,Oct,50.3,47,692129,646500,45629,6.6
1976,Nov,50.4,47.1,694617,648788,45829,6.6
1976,Dec,50.6,47.2,698445,651700,46745,6.7
1977,Jan,50.8,47.3,702587,654711,47876,6.8
1977,Feb,51,47.5,706061,657281,48780,6.9
1977,Mar,51,47.5,708184,658956,49228,7
1977,Apr,51,47.5,709020,659772,49248,6.9
1977,May,50.9,47.4,709157,660138,49019,6.9
1977,Jun,50.9,47.4,709628,660915,48713,6.9
1977,Jul,50.9,47.4,711007,662456,48551,6.8
1977,Aug,51,47.5,713151,664365,48786,6.8
1977,Sep,51.1,47.6,715105,666054,49051,6.9
1977,Oct,51.1,47.6,715586,666463,49123,6.9
1977,Nov,51,47.5,714873,665663,49210,6.9
1977,Dec,50.9,47.4,714042,664976,49066,6.9
1978,Jan,50.8,47.4,714218,665842,48376,6.8
1978,Feb,50.9,47.6,716197,669191,47006,6.6
1978,Mar,51.2,47.9,720253,675086,45167,6.3
1978,Apr,51.5,48.4,726028,682574,43454,6
1978,May,52,48.9,732579,690141,42438,5.8
1978,Jun,52.3,49.3,738612,696270,42342,5.7
1978,Jul,52.6,49.6,743471,700329,43142,5.8
1978,Aug,52.8,49.7,747350,702797,44553,6
1978,Sep,53,49.8,750732,704558,46174,6.2
1978,Oct,53.2,49.8,754246,706799,47447,6.3
1978,Nov,53.4,50,757665,709636,48029,6.3
1978,Dec,53.5,50.1,760342,712187,48155,6.3
1979,Jan,53.6,50.2,762071,713986,48085,6.3
1979,Feb,53.6,50.2,763046,714824,48222,6.3
1979,Mar,53.6,50.1,763632,714889,48743,6.4
1979,Apr,53.6,50.1,764206,714672,49534,6.5
1979,May,53.6,50,765291,714736,50555,6.6
1979,Jun,53.6,50,767190,715276,51914,6.8
1979,Jul,53.8,50,769850,716356,53494,6.9
1979,Aug,53.9,50.1,772938,717817,55121,7.1
1979,Sep,54.1,50.2,775983,719372,56611,7.3
1979,Oct,54.3,50.2,778594,720655,57939,7.4
1979,Nov,54.4,50.2,780758,721421,59337,7.6
1979,Dec,54.5,50.2,782584,721633,60951,7.8
1980,Jan,54.5,50.2,783947,721196,62751,8
1980,Feb,54.5,50,784805,720029,64776,8.3
1980,Mar,54.5,49.9,785327,718056,67271,8.6
1980,Apr,54.5,49.6,785690,715416,70274,8.9
1980,May,54.5,49.4,785962,712543,73419,9.3
1980,Jun,54.4,49.2,786255,710036,76219,9.7
1980,Jul,54.4,49,786534,708237,78297,10
1980,Aug,54.4,48.9,786805,707215,79590,10.1
1980,Sep,54.4,48.9,787192,706912,80280,10.2
1980,Oct,54.4,48.9,787733,707411,80322,10.2
1980,Nov,54.4,48.9,788352,708373,79979,10.1
1980,Dec,54.4,48.9,789070,708800,80270,10.2
1981,Jan,54.4,48.8,789928,708003,81925,10.4
1981,Feb,54.5,48.6,790643,706170,84473,10.7
1981,Mar,54.4,48.5,790853,704063,86790,11
1981,Apr,54.4,48.3,790425,702419,88006,11.1
1981,May,54.3,48.2,789401,701687,87714,11.1
1981,Jun,54.1,48.2,787965,702029,85936,10.9
1981,Jul,54,48.3,786308,703099,83209,10.6
1981,Aug,53.8,48.3,784571,704149,80422,10.3
1981,Sep,53.7,48.3,782930,704370,78560,10
1981,Oct,53.6,48.2,781603,703166,78437,10
1981,Nov,53.5,48,780674,700792,79882,10.2
1981,Dec,53.4,47.8,780291,698401,81890,10.5
1982,Jan,53.5,47.7,780544,696510,84034,10.8
1982,Feb,53.5,47.6,781558,694879,86679,11.1
1982,Mar,53.6,47.4,783326,693195,90131,11.5
1982,Apr,53.7,47.3,785669,691301,94368,12
1982,May,53.9,47.1,788429,689123,99306,12.6
1982,Jun,54.1,46.9,791495,686641,104854,13.2
1982,Jul,54.3,46.8,794853,684036,110817,13.9
1982,Aug,54.5,46.6,798536,681620,116916,14.6
1982,Sep,54.8,46.4,802578,679655,122923,15.3
1982,Oct,52.3,43.5,766204,637489,128715,16.8
1982,Nov,51.7,42.6,758488,624428,134060,17.7
1982,Dec,51.7,42.3,758901,620349,138552,18.3
1983,Jan,51.8,42.2,760955,619237,141718,18.6
1983,Feb,52,42.2,762675,619482,143193,18.8
1983,Mar,52,42.2,763804,620621,143183,18.7
1983,Apr,52,42.3,764709,622474,142235,18.6
1983,May,52,42.5,765584,624826,140758,18.4
1983,Jun,52.1,42.7,766432,627437,138995,18.1
1983,Jul,52.1,42.8,767200,630124,137076,17.9
1983,Aug,52.2,43,767684,632680,135004,17.6
1983,Sep,52.2,43.2,767575,635028,132547,17.3
1983,Oct,52.1,43.3,766752,637205,129547,16.9
1983,Nov,52,43.5,765467,639246,126221,16.5
1983,Dec,52,43.6,764297,641272,123025,16.1
1984,Jan,52,43.8,763741,643516,120225,15.7
1984,Feb,52,43.9,763877,646002,117875,15.4
1984,Mar,52,44.1,764389,648489,115900,15.2
1984,Apr,52.1,44.3,764720,650675,114045,14.9
1984,May,52.1,44.4,764751,652377,112374,14.7
1984,Jun,52.1,44.5,764530,653474,111056,14.5
1984,Jul,52.1,44.5,764196,653944,110252,14.4
1984,Aug,52,44.6,764067,654013,110054,14.4
1984,Sep,52.1,44.6,764441,653995,110446,14.4
1984,Oct,52.2,44.6,765300,654208,111092,14.5
1984,Nov,52.3,44.7,766360,654867,111493,14.5
1984,Dec,52.3,44.7,767093,655875,111218,14.5
1985,Jan,52.3,44.8,766966,656901,110065,14.4
1985,Feb,52.3,44.9,765901,657626,108275,14.1
1985,Mar,52.2,44.9,764097,657893,106204,13.9
1985,Apr,52,44.9,761991,657748,104243,13.7
1985,May,51.9,44.9,759929,657416,102513,13.5
1985,Jun,51.8,44.9,758037,657171,100866,13.3
1985,Jul,51.7,44.9,756337,657188,99149,13.1
1985,Aug,51.6,45,754658,657568,97090,12.9
1985,Sep,51.5,45,752876,658182,94694,12.6
1985,Oct,51.4,45.1,750999,658702,92297,12.3
1985,Nov,51.3,45.1,749091,658807,90284,12.1
1985,Dec,51.2,45.1,747358,658421,88937,11.9
1986,Jan,51.1,45.1,746191,657753,88438,11.9
1986,Feb,51.2,45.1,745799,657153,88646,11.9
1986,Mar,51.2,45.1,746142,656898,89244,12
1986,Apr,51.3,45.1,747055,657109,89946,12
1986,May,51.4,45.2,748151,657735,90416,12.1
1986,Jun,51.4,45.2,749108,658653,90455,12.1
1986,Jul,51.5,45.3,749617,659683,89934,12
1986,Aug,51.5,45.4,749556,660598,88958,11.9
1986,Sep,51.5,45.5,748972,661313,87659,11.7
1986,Oct,51.5,45.5,748103,661894,86209,11.5
1986,Nov,51.4,45.6,747255,662371,84884,11.4
1986,Dec,51.4,45.6,746686,662834,83852,11.2
1987,Jan,51.4,45.6,746386,663288,83098,11.1
1987,Feb,51.4,45.7,746244,663714,82530,11.1
1987,Mar,51.4,45.7,746232,664154,82078,11
1987,Apr,51.4,45.8,746261,664613,81648,10.9
1987,May,51.4,45.8,746304,665095,81209,10.9
1987,Jun,51.5,45.9,746475,665644,80831,10.8
1987,Jul,51.5,46,746890,666319,80571,10.8
1987,Aug,51.6,46,747518,667128,80390,10.8
1987,Sep,51.7,46.1,748173,668053,80120,10.7
1987,Oct,51.7,46.2,748617,668938,79679,10.6
1987,Nov,51.7,46.3,748712,669674,79038,10.6
1987,Dec,51.8,46.3,748506,670170,78336,10.5
1988,Jan,51.8,46.4,748123,670423,77700,10.4
1988,Feb,51.8,46.4,747674,670554,77120,10.3
1988,Mar,51.8,46.5,747260,670710,76550,10.2
1988,Apr,51.8,46.5,746966,671050,75916,10.2
1988,May,51.8,46.6,746795,671622,75173,10.1
1988,Jun,51.8,46.7,746754,672445,74309,10
1988,Jul,51.9,46.8,746889,673546,73343,9.8
1988,Aug,51.9,46.9,747305,674963,72342,9.7
1988,Sep,52,47,748148,676743,71405,9.5
1988,Oct,52.1,47.2,749395,678920,70475,9.4
1988,Nov,52.3,47.4,750961,681439,69522,9.3
1988,Dec,52.4,47.6,752657,684046,68611,9.1
1989,Jan,52.5,47.8,754327,686493,67834,9
1989,Feb,52.7,48,755816,688465,67351,8.9
1989,Mar,52.8,48.1,756939,689825,67114,8.9
1989,Apr,52.9,48.2,757594,690668,66926,8.8
1989,May,52.9,48.2,757874,691215,66659,8.8
1989,Jun,52.9,48.3,757892,691665,66227,8.7
1989,Jul,52.9,48.4,757703,692109,65594,8.7
1989,Aug,53,48.4,757448,692638,64810,8.6
1989,Sep,53,48.5,757219,693268,63951,8.4
1989,Oct,53,48.6,757061,694036,63025,8.3
1989,Nov,53,48.7,756909,694885,62024,8.2
1989,Dec,53,48.8,756772,695832,60940,8.1
1990,Jan,54.5,50.2,756778,696912,59866,7.9
1990,Feb,54.4,50.2,757036,698084,58952,7.8
1990,Mar,54.4,50.2,757598,699146,58452,7.7
1990,Apr,54.4,50.2,758446,699779,58667,7.7
1990,May,54.4,50.1,759512,699859,59653,7.9
1990,Jun,54.4,50,760706,699368,61338,8.1
1990,Jul,54.4,49.9,762071,698468,63603,8.3
1990,Aug,54.5,49.7,763541,697382,66159,8.7
1990,Sep,54.5,49.6,764977,696292,68685,9
1990,Oct,54.6,49.5,766410,695353,71057,9.3
1990,Nov,54.7,49.5,767950,694788,73162,9.5
1990,Dec,54.8,49.5,769502,694605,74897,9.7
1991,Jan,54.9,49.4,770887,694593,76294,9.9
1991,Feb,54.9,49.4,772140,694692,77448,10
1991,Mar,55,49.4,773271,694775,78496,10.2
1991,Apr,55,49.4,774349,694791,79558,10.3
1991,May,55.1,49.3,775477,694761,80716,10.4
1991,Jun,55.2,49.3,776663,694720,81943,10.6
1991,Jul,55.2,49.3,777786,694613,83173,10.7
1991,Aug,55.3,49.3,778855,694373,84482,10.8
1991,Sep,55.3,49.2,779885,693973,85912,11
1991,Oct,55.3,49.1,780738,693344,87394,11.2
1991,Nov,55.3,49,781266,692491,88775,11.4
1991,Dec,55.3,49,781389,691578,89811,11.5
1992,Jan,55.3,48.9,781150,690813,90337,11.6
1992,Feb,55.3,48.9,780613,690275,90338,11.6
1992,Mar,55.2,48.8,779953,690098,89855,11.5
1992,Apr,55.1,48.8,779330,690234,89096,11.4
1992,May,55.1,48.8,778749,690410,88339,11.3
1992,Jun,55,48.8,778264,690478,87786,11.3
1992,Jul,55,48.8,778001,690474,87527,11.3
1992,Aug,54.9,48.7,777884,690482,87402,11.2
1992,Sep,54.9,48.7,777781,690583,87198,11.2
1992,Oct,54.8,48.7,777708,690910,86798,11.2
1992,Nov,54.8,48.7,777684,691381,86303,11.1
1992,Dec,54.8,48.7,777826,691839,85987,11.1
1993,Jan,54.7,48.7,778194,692233,85961,11
1993,Feb,54.7,48.7,778710,692564,86146,11.1
1993,Mar,54.8,48.7,779344,692948,86396,11.1
1993,Apr,54.8,48.7,780030,693582,86448,11.1
1993,May,54.8,48.7,780666,694562,86104,11
1993,Jun,54.8,48.8,781116,695831,85285,10.9
1993,Jul,54.8,48.9,781139,697226,83913,10.7
1993,Aug,54.7,48.9,780780,698598,82182,10.5
1993,Sep,54.6,49,780357,699880,80477,10.3
1993,Oct,54.6,49,780082,700995,79087,10.1
1993,Nov,54.6,49.1,780040,701934,78106,10
1993,Dec,54.6,49.2,780294,702922,77372,9.9
1994,Jan,54.6,49.2,780846,704162,76684,9.8
1994,Feb,54.7,49.4,781525,705662,75863,9.7
1994,Mar,54.7,49.4,782114,707326,74788,9.6
1994,Apr,54.7,49.5,782472,709092,73380,9.4
1994,May,54.7,49.7,782607,710935,71672,9.2
1994,Jun,54.6,49.8,782618,712827,69791,8.9
1994,Jul,54.7,49.9,782718,714715,68003,8.7
1994,Aug,54.6,50,782863,716471,66392,8.5
1994,Sep,54.6,50.1,782883,717993,64890,8.3
1994,Oct,54.6,50.2,782676,719277,63399,8.1
1994,Nov,54.6,50.2,782313,720408,61905,7.9
1994,Dec,54.5,50.3,781841,721215,60626,7.8
1995,Jan,54.5,50.3,781292,721525,59767,7.6
1995,Feb,54.5,50.3,780954,721490,59464,7.6
1995,Mar,54.5,50.3,781063,721299,59764,7.7
1995,Apr,54.5,50.3,781678,721110,60568,7.7
1995,May,54.6,50.3,782738,721151,61587,7.9
1995,Jun,54.7,50.3,784072,721537,62535,8
1995,Jul,54.7,50.3,785351,722236,63115,8
1995,Aug,54.8,50.4,786459,723165,63294,8
1995,Sep,54.9,50.4,787469,724188,63281,8
1995,Oct,54.9,50.5,788383,725158,63225,8
1995,Nov,54.9,50.5,789194,725990,63204,8
1995,Dec,55,50.6,789960,726822,63138,8
1996,Jan,55.1,50.7,790780,727892,62888,8
1996,Feb,55.1,50.8,791591,729264,62327,7.9
1996,Mar,55.1,50.9,792302,730911,61391,7.7
1996,Apr,55.2,51,792929,732734,60195,7.6
1996,May,55.2,51.1,793593,734587,59006,7.4
1996,Jun,55.3,51.2,794433,736328,58105,7.3
1996,Jul,55.3,51.3,795533,737852,57681,7.3
1996,Aug,55.4,51.4,796817,739072,57745,7.2
1996,Sep,55.5,51.5,798002,739868,58134,7.3
1996,Oct,55.6,51.5,798938,740235,58703,7.3
1996,Nov,55.6,51.5,799504,740336,59168,7.4
1996,Dec,55.6,51.5,799547,740333,59214,7.4
1997,Jan,55.6,51.5,799034,740327,58707,7.3
1997,Feb,55.5,51.5,798191,740456,57735,7.2
1997,Mar,55.5,51.5,797331,740836,56495,7.1
1997,Apr,55.5,51.6,796690,741420,55270,6.9
1997,May,55.4,51.7,796247,741989,54258,6.8
1997,Jun,55.4,51.7,795949,742415,53534,6.7
1997,Jul,55.4,51.7,795869,742706,53163,6.7
1997,Aug,55.4,51.7,795929,742862,53067,6.7
1997,Sep,55.4,51.7,795915,742899,53016,6.7
1997,Oct,55.4,51.7,795788,742804,52984,6.7
1997,Nov,55.4,51.7,795570,742533,53037,6.7
1997,Dec,55.4,51.7,795378,742235,53143,6.7
1998,Jan,55.4,51.7,795334,742037,53297,6.7
1998,Feb,55.4,51.7,795402,741940,53462,6.7
1998,Mar,55.4,51.7,795472,741854,53618,6.7
1998,Apr,55.4,51.7,795486,741785,53701,6.8
1998,May,55.5,51.7,795461,741779,53682,6.7
1998,Jun,55.4,51.7,795330,741808,53522,6.7
1998,Jul,55.4,51.7,795011,741884,53127,6.7
1998,Aug,55.4,51.7,794740,742171,52569,6.6
1998,Sep,55.4,51.8,794787,742797,51990,6.5
1998,Oct,55.5,51.9,795200,743760,51440,6.5
1998,Nov,55.5,52,795988,744888,51100,6.4
1998,Dec,55.6,52,797092,745887,51205,6.4
1999,Jan,55.7,52.1,798310,746628,51682,6.5
1999,Feb,55.8,52.1,799515,747220,52295,6.5
1999,Mar,55.9,52.2,800711,747889,52822,6.6
1999,Apr,56,52.3,801928,748801,53127,6.6
1999,May,56.1,52.4,803169,749994,53175,6.6
1999,Jun,56.2,52.5,804467,751438,53029,6.6
1999,Jul,56.3,52.6,805746,752959,52787,6.6
1999,Aug,56.4,52.7,806774,754391,52383,6.5
1999,Sep,56.4,52.8,807508,755706,51802,6.4
1999,Oct,56.4,52.8,807955,756960,50995,6.3
1999,Nov,56.4,52.9,808115,758332,49783,6.2
1999,Dec,56.5,53.1,808146,759905,48241,6
2000,Jan,56.5,53.2,808244,761573,46671,5.8
2000,Feb,56.5,53.3,808465,763098,45367,5.6
2000,Mar,56.6,53.4,808690,764223,44467,5.5
2000,Apr,56.5,53.5,808769,764802,43967,5.4
2000,May,56.5,53.5,808649,764882,43767,5.4
2000,Jun,56.5,53.5,808363,764604,43759,5.4
2000,Jul,56.5,53.4,808136,764252,43884,5.4
2000,Aug,56.5,53.4,808253,764161,44092,5.5
2000,Sep,56.6,53.5,808785,764537,44248,5.5
2000,Oct,56.6,53.5,809711,765487,44224,5.5
2000,Nov,56.7,53.7,810955,766901,44054,5.4
2000,Dec,56.8,53.8,812160,768481,43679,5.4
2001,Jan,56.9,53.9,812949,769908,43041,5.3
2001,Feb,56.9,54,813156,770957,42199,5.2
2001,Mar,56.9,54.1,812769,771482,41287,5.1
2001,Apr,56.9,54.1,811898,771454,40444,5
2001,May,56.8,54,810765,771005,39760,4.9
2001,Jun,56.8,54,809578,770297,39281,4.9
2001,Jul,56.7,54,808466,769486,38980,4.8
2001,Aug,56.6,53.9,807446,768496,38950,4.8
2001,Sep,56.5,53.8,806587,767266,39321,4.9
2001,Oct,56.5,53.7,805911,765788,40123,5
2001,Nov,56.4,53.5,805281,764002,41279,5.1
2001,Dec,56.4,53.4,804725,762033,42692,5.3
2002,Jan,56.3,53.2,804275,760037,44238,5.5
2002,Feb,56.3,53.1,803797,758068,45729,5.7
2002,Mar,56.3,53,803157,756211,46946,5.8
2002,Apr,56.2,52.9,802386,754657,47729,5.9
2002,May,56.1,52.8,801550,753499,48051,6
2002,Jun,56.1,52.7,800727,752707,48020,6
2002,Jul,56,52.7,799907,752065,47842,6
2002,Aug,55.9,52.6,799060,751397,47663,6
2002,Sep,55.8,52.5,798119,750526,47593,6
2002,Oct,55.7,52.4,796951,749240,47711,6
2002,Nov,55.6,52.3,795582,747605,47977,6
2002,Dec,55.5,52.1,793977,745706,48271,6.1
2003,Jan,55.4,52,792243,743721,48522,6.1
2003,Feb,55.3,51.9,790657,741918,48739,6.2
2003,Mar,55.2,51.8,789369,740425,48944,6.2
2003,Apr,55.1,51.7,788278,739163,49115,6.2
2003,May,55,51.6,787222,738053,49169,6.2
2003,Jun,54.9,51.5,786192,737209,48983,6.2
2003,Jul,54.8,51.5,785219,736763,48456,6.2
2003,Aug,54.8,51.4,784381,736752,47629,6.1
2003,Sep,54.7,51.5,783806,737172,46634,5.9
2003,Oct,54.7,51.5,783582,737925,45657,5.8
2003,Nov,54.7,51.6,783674,738795,44879,5.7
2003,Dec,54.7,51.6,783990,739632,44358,5.7
2004,Jan,54.8,51.7,784374,740319,44055,5.6
2004,Feb,54.8,51.7,784621,740804,43817,5.6
2004,Mar,54.8,51.8,784708,741189,43519,5.5
2004,Apr,54.8,51.8,784598,741554,43044,5.5
2004,May,54.8,51.8,784293,741918,42375,5.4
2004,Jun,54.7,51.8,783840,742249,41591,5.3
2004,Jul,54.7,51.8,783345,742497,40848,5.2
2004,Aug,54.6,51.8,782891,742595,40296,5.1
2004,Sep,54.6,51.8,782498,742489,40009,5.1
2004,Oct,54.6,51.8,782253,742222,40031,5.1
2004,Nov,54.6,51.8,782267,741970,40297,5.2
2004,Dec,54.6,51.7,782554,741938,40616,5.2
2005,Jan,54.6,51.8,783056,742288,40768,5.2
2005,Feb,54.7,51.8,783762,743089,40673,5.2
2005,Mar,54.7,51.9,784738,744350,40388,5.1
2005,Apr,54.8,52,786141,746033,40108,5.1
2005,May,55,52.2,788016,747998,40018,5.1
2005,Jun,55.1,52.3,790166,749977,40189,5.1
2005,Jul,55.2,52.4,792336,751763,40573,5.1
2005,Aug,55.3,52.5,794278,753342,40936,5.2
2005,Sep,55.4,52.6,795845,754826,41019,5.2
2005,Oct,55.5,52.6,797010,756398,40612,5.1
2005,Nov,55.5,52.7,797826,758099,39727,5
2005,Dec,55.5,52.8,798566,759866,38700,4.8
2006,Jan,55.6,53,799559,761664,37895,4.7
2006,Feb,55.7,53.1,800876,763311,37565,4.7
2006,Mar,55.8,53.1,802425,764567,37858,4.7
2006,Apr,55.9,53.2,804064,765321,38743,4.8
2006,May,56,53.2,805623,765683,39940,5
2006,Jun,56.1,53.2,806970,765849,41121,5.1
2006,Jul,56.1,53.2,808068,766119,41949,5.2
2006,Aug,56.1,53.2,808848,766666,42182,5.2
2006,Sep,56.2,53.3,809264,767459,41805,5.2
2006,Oct,56.1,53.3,809408,768460,40948,5.1
2006,Nov,56.1,53.4,809399,769572,39827,4.9
2006,Dec,56.1,53.4,809231,770582,38649,4.8
2007,Jan,56.1,53.5,808905,771332,37573,4.6
2007,Feb,56,53.5,808626,771898,36728,4.5
2007,Mar,56,53.5,808528,772371,36157,4.5
2007,Apr,56,53.5,808695,772826,35869,4.4
2007,May,56.1,53.6,809178,773282,35896,4.4
2007,Jun,56.1,53.6,809946,773750,36196,4.5
2007,Jul,56.1,53.6,810930,774189,36741,4.5
2007,Aug,56.2,53.6,812116,774633,37483,4.6
2007,Sep,56.3,53.6,813355,775207,38148,4.7
2007,Oct,56.3,53.7,814353,775876,38477,4.7
2007,Nov,56.3,53.7,814984,776619,38365,4.7
2007,Dec,56.4,53.7,815331,777493,37838,4.6
2008,Jan,56.4,53.8,815448,778361,37087,4.5
2008,Feb,56.3,53.8,815307,779060,36247,4.4
2008,Mar,56.3,53.9,814870,779510,35360,4.3
2008,Apr,56.2,53.9,814145,779653,34492,4.2
2008,May,56.2,53.8,813271,779543,33728,4.1
2008,Jun,56.1,53.8,812466,779305,33161,4.1
2008,Jul,56,53.8,811808,778956,32852,4
2008,Aug,56,53.7,811377,778383,32994,4.1
2008,Sep,56,53.6,811267,777350,33917,4.2
2008,Oct,56,53.5,811462,775655,35807,4.4
2008,Nov,56,53.3,811887,773140,38747,4.8
2008,Dec,56,53.1,812439,769764,42675,5.3
2009,Jan,56,52.8,813085,765737,47348,5.8
2009,Feb,56.1,52.5,813967,761555,52412,6.4
2009,Mar,56.2,52.2,815171,757826,57345,7
2009,Apr,56.2,52,816452,754927,61525,7.5
2009,May,56.3,51.8,817303,752761,64542,7.9
2009,Jun,56.3,51.7,817399,751081,66318,8.1
2009,Jul,56.2,51.6,816594,749561,67033,8.2
2009,Aug,56.1,51.4,815002,747949,67053,8.2
2009,Sep,55.9,51.3,813118,746189,66929,8.2
2009,Oct,55.8,51.2,811550,744363,67187,8.3
2009,Nov,55.7,51,810661,742760,67901,8.4
2009,Dec,55.7,51,810555,741741,68814,8.5
2010,Jan,55.7,50.9,810979,741429,69550,8.6
2010,Feb,55.7,50.9,811352,741553,69799,8.6
2010,Mar,55.7,50.9,811333,741758,69575,8.6
2010,Apr,54.8,50.1,811023,741898,69125,8.5
2010,May,54.7,50.1,810631,741930,68701,8.5
2010,Jun,54.7,50,810305,741731,68574,8.5
2010,Jul,54.6,50,810258,741281,68977,8.5
2010,Aug,54.6,49.9,810584,740714,69870,8.6
2010,Sep,54.7,49.9,811033,740150,70883,8.7
2010,Oct,54.7,49.8,811378,739783,71595,8.8
2010,Nov,54.7,49.8,811476,739694,71782,8.8
2010,Dec,54.6,49.8,811158,739807,71351,8.8
2011,Jan,54.6,49.8,810420,740067,70353,8.7
2011,Feb,54.5,49.8,809255,740310,68945,8.5
2011,Mar,54.4,49.8,807674,740350,67324,8.3
2011,Apr,54.3,49.8,805973,740138,65835,8.2
2011,May,54.2,49.8,804653,739845,64808,8.1
2011,Jun,54.1,49.8,804111,739808,64303,8
2011,Jul,54.1,49.8,804494,740334,64160,8
2011,Aug,54.2,49.9,805556,741468,64088,8
2011,Sep,54.3,50,806802,743018,63784,7.9
2011,Oct,54.3,50.1,807723,744664,63059,7.8
2011,Nov,54.3,50.2,807925,746031,61894,7.7
2011,Dec,54.3,50.2,807497,746935,60562,7.5
2012,Jan,54.2,50.3,806904,747452,59452,7.4
2012,Feb,54.2,50.3,806692,747779,58913,7.3
2012,Mar,54.3,50.3,807060,747980,59080,7.3
2012,Apr,54.3,50.3,807745,747982,59763,7.4
2012,May,54.4,50.3,808536,747879,60657,7.5
2012,Jun,54.4,50.3,809176,747721,61455,7.6
2012,Jul,54.4,50.2,809458,747538,61920,7.6
2012,Aug,54.4,50.2,809418,747379,62039,7.7
2012,Sep,54.4,50.2,809186,747295,61891,7.6
2012,Oct,54.3,50.2,808673,747207,61466,7.6
2012,Nov,54.3,50.2,807834,747059,60775,7.5
2012,Dec,54.2,50.2,806563,746816,59747,7.4
2013,Jan,54.1,50.2,804599,746201,58398,7.3
2013,Feb,54,50.2,802673,745783,56890,7.1
2013,Mar,53.9,50.1,800945,745534,55411,6.9
2013,Apr,53.8,50.2,799753,745613,54140,6.8
2013,May,53.8,50.2,798997,745774,53223,6.7
2013,Jun,53.7,50.2,798464,745717,52747,6.6
2013,Jul,53.7,50.1,797952,745311,52641,6.6
2013,Aug,53.6,50.1,797285,744561,52724,6.6
2013,Sep,53.6,50,796583,743643,52940,6.6
2013,Oct,53.6,50,796163,742819,53344,6.7
2013,Nov,53.6,50,796140,742286,53854,6.8
2013,Dec,53.6,49.9,796384,742039,54345,6.8
2014,Jan,53.7,50,797245,742595,54650,6.9
2014,Feb,53.7,50,796881,742369,54512,6.8
2014,Mar,53.6,50,795812,741741,54071,6.8
2014,Apr,53.5,49.9,793946,740500,53446,6.7
2014,May,53.3,49.8,791576,738838,52738,6.7
2014,Jun,53.2,49.7,789173,737102,52071,6.6
2014,Jul,53,49.6,786998,735431,51567,6.6
2014,Aug,52.9,49.5,785214,733968,51246,6.5
2014,Sep,52.8,49.4,783758,732752,51006,6.5
2014,Oct,52.7,49.3,782472,731658,50814,6.5
2014,Nov,52.7,49.3,781369,730568,50801,6.5
2014,Dec,52.7,49.2,780638,729513,51125,6.5
2015,Jan,52.6,49.1,779937,728175,51762,6.6
2015,Feb,52.7,49.1,780294,727492,52802,6.8
2015,Mar,52.8,49.1,781163,727238,53925,6.9
2015,Apr,52.8,49.1,782246,727425,54821,7
2015,May,52.9,49.2,783039,727849,55190,7
2015,Jun,52.9,49.2,783146,728276,54870,7
2015,Jul,52.9,49.3,782598,728662,53936,6.9
2015,Aug,52.9,49.3,781703,729024,52679,6.7
2015,Sep,52.8,49.3,780938,729435,51503,6.6
2015,Oct,52.8,49.4,780717,730032,50685,6.5
2015,Nov,52.9,49.5,781075,730797,50278,6.4
2015,Dec,52.9,49.5,781797,731590,50207,6.4
2016,Jan,53,49.6,782601,732293,50308,6.4
2016,Feb,53.1,49.7,783165,732842,50323,6.4
2016,Mar,53.1,49.7,783326,733270,50056,6.4
2016,Apr,53.1,49.8,783171,733639,49532,6.3
2016,May,53.1,49.8,782961,734039,48922,6.2
2016,Jun,53.1,49.9,782852,734503,48349,6.2
2016,Jul,53.1,49.9,782797,734988,47809,6.1
2016,Aug,53.2,50,782636,735395,47241,6
2016,Sep,53.2,50,782160,735663,46497,5.9
2016,Oct,53.1,50,781278,735807,45471,5.8
2016,Nov,53.1,50.1,780202,735999,44203,5.7
2016,Dec,53,50.1,779111,736338,42773,5.5
2017,Jan,53,50.2,778115,736779,41336,5.3
2017,Feb,53,50.3,777364,737246,40118,5.2
2017,Mar,53,50.3,776921,737577,39344,5.1
2017,Apr,53,50.4,776906,737840,39066,5
2017,May,53.1,50.4,777311,738153,39158,5
2017,Jun,53.2,50.5,777991,738485,39506,5.1
2017,Jul,53.2,50.5,778851,738809,40042,5.1
2017,Aug,53.3,50.5,779701,739089,40612,5.2
2017,Sep,53.4,50.6,780391,739301,41090,5.3
2017,Oct,53.4,50.6,780894,739435,41459,5.3
2017,Nov,53.5,50.6,781184,739434,41750,5.3
2017,Dec,53.5,50.7,781433,739424,42009,5.4
2018,Jan,53.6,50.7,781862,739607,42255,5.4
2018,Feb,53.7,50.8,782563,740125,42438,5.4
2018,Mar,53.8,50.8,783406,740960,42446,5.4
2018,Apr,53.8,50.9,784056,741842,42214,5.4
2018,May,53.9,51,784408,742590,41818,5.3
2018,Jun,53.9,51.1,784602,743308,41294,5.3
2018,Jul,54,51.2,784789,744113,40676,5.2
2018,Aug,54,51.2,785214,745101,40113,5.1
2018,Sep,54.1,51.3,786047,746313,39734,5.1
2018,Oct,54.2,51.5,787220,747715,39505,5
2018,Nov,54.3,51.6,788515,749233,39282,5
2018,Dec,54.4,51.7,789633,750656,38977,4.9
2019,Jan,54.5,51.8,790389,751807,38582,4.9
2019,Feb,54.5,51.9,790807,752664,38143,4.8
2019,Mar,54.6,52,791185,753421,37764,4.8
2019,Apr,54.7,52.1,791876,754352,37524,4.7
2019,May,54.8,52.2,793046,755562,37484,4.7
2019,Jun,54.9,52.3,794739,757007,37732,4.7
2019,Jul,55.1,52.4,797083,758718,38365,4.8
2019,Aug,55.3,52.6,799495,760287,39208,4.9
2019,Sep,55.4,52.7,801633,761592,40041,5
2019,Oct,55.6,52.7,803070,762385,40685,5.1
2019,Nov,55.6,52.8,803129,762335,40794,5.1
2019,Dec,55.6,52.8,802879,762154,40725,5.1
2020,Jan,55.8,53,804830,764293,40537,5
2020,Feb,55.9,53.2,806570,766827,39743,4.9
2020,Mar,57.1,53.7,823300,773588,49712,6
2020,Apr,53.9,45.3,776722,652883,123839,15.9
2020,May,54.2,47.2,780029,679272,100757,12.9
2020,Jun,53.2,47.6,765374,685332,80042,10.5
2020,Jul,52.9,47.6,761335,684864,76471,10
2020,Aug,53.8,49,773693,704457,69236,8.9
2020,Sep,53.8,49.2,773715,707166,66549,8.6
