Year,Period,labor force participation rate,employment-population ratio,labor force,employment,unemployment,unemployment rate
1976,Jan,68.6,63.7,159154,147809,11345,7.1
1976,Feb,67.9,63.1,158961,147666,11295,7.1
1976,Mar,67.4,62.7,159067,147858,11209,7
1976,Apr,67.6,62.9,160192,148970,11222,7
1976,May,67.7,62.9,161814,150449,11365,7
1976,Jun,68.2,63.3,163686,152003,11683,7.1
1976,Jul,68.3,63.3,165354,153206,12148,7.3
1976,Aug,68.5,63.3,166528,153864,12664,7.6
1976,Sep,68.9,63.4,167315,154146,13169,7.9
1976,Oct,68.8,63.2,167786,154152,13634,8.1
1976,Nov,68.9,63.1,168112,154038,14074,8.4
1976,Dec,68.8,62.9,168532,153983,14549,8.6
1977,Jan,69.1,62.9,169181,154120,15061,8.9
1977,Feb,69.1,62.8,170041,154450,15591,9.2
1977,Mar,69.5,62.9,170926,154815,16111,9.4
1977,Apr,69.5,62.8,171568,155026,16542,9.6
1977,May,69.6,62.8,171912,155066,16846,9.8
1977,Jun,69.4,62.5,172108,155071,17037,9.9
1977,Jul,69.5,62.6,172362,155209,17153,10
1977,Aug,69.5,62.5,172970,155636,17334,10
1977,Sep,69.9,62.8,174035,156389,17646,10.1
1977,Oct,70.2,63,175463,157392,18071,10.3
1977,Nov,70.5,63.1,177024,158467,18557,10.5
1977,Dec,71.1,63.5,178444,159413,19031,10.7
1978,Jan,71.3,63.5,179578,160129,19449,10.8
1978,Feb,71.3,63.5,180374,160622,19752,11
1978,Mar,71.5,63.6,180898,161004,19894,11
1978,Apr,71.4,63.5,181299,161397,19902,11
1978,May,71.2,63.5,181631,161811,19820,10.9
1978,Jun,71.3,63.6,181909,162228,19681,10.8
1978,Jul,71.2,63.6,182220,162701,19519,10.7
1978,Aug,71.3,63.8,182543,163238,19305,10.6
1978,Sep,71.4,64,182855,163815,19040,10.4
1978,Oct,71.6,64.2,183199,164427,18772,10.2
1978,Nov,71.4,64.2,183536,165048,18488,10.1
1978,Dec,71.5,64.4,183811,165629,18182,9.9
1979,Jan,71.6,64.6,183977,166119,17858,9.7
1979,Feb,71.6,64.8,184048,166492,17556,9.5
1979,Mar,71.6,64.9,184013,166721,17292,9.4
1979,Apr,71.5,64.9,183856,166789,17067,9.3
1979,May,71.2,64.6,183646,166750,16896,9.2
1979,Jun,71.1,64.6,183455,166658,16797,9.2
1979,Jul,71.1,64.6,183343,166547,16796,9.2
1979,Aug,71.1,64.5,183334,166482,16852,9.2
1979,Sep,70.8,64.3,183425,166537,16888,9.2
1979,Oct,70.9,64.4,183587,166748,16839,9.2
1979,Nov,70.7,64.3,183887,167118,16769,9.1
1979,Dec,70.9,64.5,184357,167607,16750,9.1
1980,Jan,70.9,64.4,184951,168115,16836,9.1
1980,Feb,71.1,64.6,185625,168552,17073,9.2
1980,Mar,71.1,64.5,186373,168902,17471,9.4
1980,Apr,71.4,64.6,187132,169170,17962,9.6
1980,May,71.4,64.4,187785,169355,18430,9.8
1980,Jun,71.6,64.4,188217,169468,18749,10
1980,Jul,71.3,64.2,188350,169508,18842,10
1980,Aug,71,64,188274,169521,18753,10
1980,Sep,70.7,63.8,188161,169583,18578,9.9
1980,Oct,70.7,63.8,188134,169766,18368,9.8
1980,Nov,70.5,63.7,188256,170140,18116,9.6
1980,Dec,70.4,63.7,188548,170738,17810,9.4
1981,Jan,70.3,63.8,189018,171524,17494,9.3
1981,Feb,70.5,64.1,189649,172437,17212,9.1
1981,Mar,70.5,64.2,190465,173415,17050,9
1981,Apr,70.7,64.4,191509,174420,17089,8.9
1981,May,70.9,64.5,192839,175478,17361,9
1981,Jun,71.5,64.9,194487,176653,17834,9.2
1981,Jul,71.9,65.2,196408,177994,18414,9.4
1981,Aug,72.2,65.3,198436,179459,18977,9.6
1981,Sep,72.6,65.6,200361,180938,19423,9.7
1981,Oct,72.7,65.6,202021,182304,19717,9.8
1981,Nov,72.9,65.8,203338,183450,19888,9.8
1981,Dec,72.7,65.6,204382,184377,20005,9.8
1982,Jan,72.8,65.7,205311,185187,20124,9.8
1982,Feb,72.6,65.5,206292,186026,20266,9.8
1982,Mar,72.5,65.4,207437,187013,20424,9.8
1982,Apr,72.8,65.6,208832,188247,20585,9.9
1982,May,72.8,65.6,210433,189695,20738,9.9
1982,Jun,73.1,65.9,212106,191210,20896,9.9
1982,Jul,73.2,66,213721,192647,21074,9.9
1982,Aug,73,65.7,215210,193923,21287,9.9
1982,Sep,72.9,65.7,216603,195034,21569,10
1982,Oct,72.7,65.4,218001,196066,21935,10.1
1982,Nov,72.7,65.3,219505,197166,22339,10.2
1982,Dec,72.5,65.1,221153,198453,22700,10.3
1983,Jan,72.6,65.2,222970,200033,22937,10.3
1983,Feb,72.5,65.1,224904,201905,22999,10.2
1983,Mar,72.5,65.2,226848,203940,22908,10.1
1983,Apr,72.6,65.4,228709,205971,22738,9.9
1983,May,72.5,65.4,230426,207838,22588,9.8
1983,Jun,72.5,65.5,231971,209442,22529,9.7
1983,Jul,72.2,65.2,233307,210722,22585,9.7
1983,Aug,72.4,65.3,234437,211664,22773,9.7
1983,Sep,72.4,65.3,235411,212343,23068,9.8
1983,Oct,72.5,65.3,236312,212893,23419,9.9
1983,Nov,72.3,65.1,237223,213451,23772,10
1983,Dec,72.4,65.1,238218,214128,24090,10.1
1984,Jan,72.5,65.1,239323,214983,24340,10.2
1984,Feb,72.7,65.3,240541,216035,24506,10.2
1984,Mar,72.8,65.4,241846,217288,24558,10.2
1984,Apr,73,65.7,243119,218631,24488,10.1
1984,May,72.9,65.7,244288,219947,24341,10
1984,Jun,73,65.8,245379,221185,24194,9.9
1984,Jul,73.1,66,246408,222323,24085,9.8
1984,Aug,73.2,66.1,247363,223374,23989,9.7
1984,Sep,73.4,66.4,248211,224332,23879,9.6
1984,Oct,73.4,66.4,248952,225181,23771,9.5
1984,Nov,73.6,66.6,249619,225916,23703,9.5
1984,Dec,73.6,66.6,250199,226511,23688,9.5
1985,Jan,73.7,66.7,250621,226899,23722,9.5
1985,Feb,73.6,66.6,250871,227040,23831,9.5
1985,Mar,73.6,66.6,250987,226968,24019,9.6
1985,Apr,73.4,66.3,251079,226851,24228,9.6
1985,May,73.5,66.3,251233,226860,24373,9.7
1985,Jun,73.3,66.2,251456,227043,24413,9.7
1985,Jul,73.4,66.3,251778,227389,24389,9.7
1985,Aug,73.3,66.2,252244,227858,24386,9.7
1985,Sep,73.3,66.2,252858,228384,24474,9.7
1985,Oct,73.5,66.3,253571,228883,24688,9.7
1985,Nov,73.5,66.3,254325,229261,25064,9.9
1985,Dec,73.5,66.1,255089,229475,25614,10
1986,Jan,73.5,66,255807,229520,26287,10.3
1986,Feb,73.7,65.9,256388,229408,26980,10.5
1986,Mar,73.6,65.7,256756,229143,27613,10.8
1986,Apr,73.4,65.3,256853,228708,28145,11
1986,May,73.1,65,256643,228115,28528,11.1
1986,Jun,73,64.8,256173,227464,28709,11.2
1986,Jul,72.6,64.4,255539,226857,28682,11.2
1986,Aug,72.6,64.5,254832,226327,28505,11.2
1986,Sep,72.4,64.3,254106,225868,28238,11.1
1986,Oct,72.4,64.4,253389,225446,27943,11
1986,Nov,72.4,64.5,252647,225005,27642,10.9
1986,Dec,72.2,64.3,251869,224534,27335,10.9
1987,Jan,72.2,64.4,251134,224053,27081,10.8
1987,Feb,72.2,64.4,250445,223570,26875,10.7
1987,Mar,72,64.3,249757,223101,26656,10.7
1987,Apr,72,64.4,249060,222667,26393,10.6
1987,May,72,64.4,248425,222324,26101,10.5
1987,Jun,71.9,64.4,247922,222125,25797,10.4
1987,Jul,72,64.6,247594,222109,25485,10.3
1987,Aug,71.9,64.6,247465,222316,25149,10.2
1987,Sep,71.7,64.6,247529,222745,24784,10
1987,Oct,71.8,64.7,247735,223340,24395,9.8
1987,Nov,71.9,64.9,248007,224015,23992,9.7
1987,Dec,71.9,65.1,248213,224610,23603,9.5
1988,Jan,71.7,65,248216,224991,23225,9.4
1988,Feb,71.7,65.1,248045,225170,22875,9.2
1988,Mar,71.6,65.1,247825,225224,22601,9.1
1988,Apr,71.6,65.1,247679,225279,22400,9
1988,May,71.4,65,247706,225466,22240,9
1988,Jun,71.5,65.1,247954,225850,22104,8.9
1988,Jul,71.6,65.3,248425,226462,21963,8.8
1988,Aug,71.8,65.5,249041,227265,21776,8.7
1988,Sep,71.8,65.6,249695,228176,21519,8.6
1988,Oct,71.9,65.8,250252,229094,21158,8.5
1988,Nov,72,66.1,250628,229956,20672,8.2
1988,Dec,72.1,66.3,250849,230790,20059,8
1989,Jan,71.9,66.4,251026,231682,19344,7.7
1989,Feb,72,66.7,251303,232682,18621,7.4
1989,Mar,72.2,67,251827,233853,17974,7.1
1989,Apr,72.4,67.4,252699,235209,17490,6.9
1989,May,72.5,67.6,253871,236647,17224,6.8
1989,Jun,72.9,68,255190,238018,17172,6.7
1989,Jul,73.3,68.3,256437,239151,17286,6.7
1989,Aug,73.6,68.6,257491,239976,17515,6.8
1989,Sep,73.6,68.5,258373,240573,17800,6.9
1989,Oct,73.9,68.7,259214,241131,18083,7
1989,Nov,74.1,68.9,260171,241829,18342,7
1989,Dec,74.5,69.2,261339,242756,18583,7.1
1990,Jan,70.4,65.3,262727,243924,18803,7.2
1990,Feb,70.9,65.8,264210,245251,18959,7.2
1990,Mar,71.4,66.3,265624,246568,19056,7.2
1990,Apr,71.9,66.8,266823,247705,19118,7.2
1990,May,72.2,67,267752,248590,19162,7.2
1990,Jun,72.6,67.4,268468,249251,19217,7.2
1990,Jul,72.9,67.7,269124,249819,19305,7.2
1990,Aug,72.7,67.5,269797,250378,19419,7.2
1990,Sep,72.7,67.5,270446,250903,19543,7.2
1990,Oct,72.7,67.4,271028,251334,19694,7.3
1990,Nov,72.6,67.3,271551,251655,19896,7.3
1990,Dec,72.6,67.2,272056,251894,20162,7.4
1991,Jan,72.5,67.1,272576,252059,20517,7.5
1991,Feb,72.5,66.9,273178,252187,20991,7.7
1991,Mar,72.5,66.8,273856,252315,21541,7.9
1991,Apr,72.5,66.6,274551,252441,22110,8.1
1991,May,72.5,66.5,275239,252570,22669,8.2
1991,Jun,72.4,66.4,275895,252704,23191,8.4
1991,Jul,72.4,66.2,276483,252806,23677,8.6
1991,Aug,72.4,66.1,277077,252917,24160,8.7
1991,Sep,72.4,66,277841,253172,24669,8.9
1991,Oct,72.3,65.7,278852,253658,25194,9
1991,Nov,72.4,65.8,280073,254388,25685,9.2
1991,Dec,72.6,65.8,281397,255320,26077,9.3
1992,Jan,72.7,65.9,282706,256376,26330,9.3
1992,Feb,72.8,66.1,283890,257459,26431,9.3
1992,Mar,72.9,66.2,284916,258515,26401,9.3
1992,Apr,73,66.2,285818,259535,26283,9.2
1992,May,72.8,66.2,286605,260486,26119,9.1
1992,Jun,72.8,66.2,287278,261331,25947,9
1992,Jul,72.7,66.2,287887,262116,25771,9
1992,Aug,72.7,66.3,288448,262906,25542,8.9
1992,Sep,72.6,66.3,288922,263716,25206,8.7
1992,Oct,72.8,66.5,289336,264579,24757,8.6
1992,Nov,72.7,66.6,289741,265510,24231,8.4
1992,Dec,72.6,66.7,290209,266499,23710,8.2
1993,Jan,72.8,66.9,290814,267539,23275,8
1993,Feb,72.8,67,291575,268608,22967,7.9
1993,Mar,72.8,67.1,292452,269656,22796,7.8
1993,Apr,73,67.4,293357,270626,22731,7.7
1993,May,73.1,67.4,294243,271521,22722,7.7
1993,Jun,73.1,67.5,295131,272407,22724,7.7
1993,Jul,73.3,67.7,296001,273300,22701,7.7
1993,Aug,73.4,67.8,296827,274170,22657,7.6
1993,Sep,73.6,68,297629,275002,22627,7.6
1993,Oct,73.6,68,298416,275786,22630,7.6
1993,Nov,73.8,68.2,299169,276489,22680,7.6
1993,Dec,73.8,68.1,299872,277074,22798,7.6
1994,Jan,73.9,68.3,300484,277521,22963,7.6
1994,Feb,74,68.3,300978,277835,23143,7.7
1994,Mar,73.9,68.2,301384,278067,23317,7.7
1994,Apr,74,68.3,301760,278336,23424,7.8
1994,May,74,68.2,302121,278710,23411,7.7
1994,Jun,74,68.3,302444,279176,23268,7.7
1994,Jul,73.9,68.3,302742,279706,23036,7.6
1994,Aug,74,68.4,303026,280243,22783,7.5
1994,Sep,73.9,68.4,303264,280702,22562,7.4
1994,Oct,73.9,68.5,303421,281008,22413,7.4
1994,Nov,73.7,68.3,303456,281141,22315,7.4
1994,Dec,73.5,68.2,303324,281127,22197,7.3
1995,Jan,73.5,68.1,303073,281032,22041,7.3
1995,Feb,73.2,67.9,302819,280945,21874,7.2
1995,Mar,73.2,67.9,302642,280936,21706,7.2
1995,Apr,73,67.8,302618,281019,21599,7.1
1995,May,73.1,67.9,302812,281209,21603,7.1
1995,Jun,73,67.8,303239,281509,21730,7.2
1995,Jul,73,67.7,303844,281875,21969,7.2
1995,Aug,73.1,67.8,304540,282249,22291,7.3
1995,Sep,73.1,67.7,305218,282572,22646,7.4
1995,Oct,73.3,67.8,305806,282827,22979,7.5
1995,Nov,73.4,67.8,306340,283055,23285,7.6
1995,Dec,73.3,67.7,306874,283324,23550,7.7
1996,Jan,73.5,67.8,307401,283675,23726,7.7
1996,Feb,73.4,67.8,307912,284126,23786,7.7
1996,Mar,73.6,67.9,308436,284684,23752,7.7
1996,Apr,73.7,68,308960,285305,23655,7.7
1996,May,73.6,68,309455,285923,23532,7.6
1996,Jun,73.7,68.2,309891,286469,23422,7.6
1996,Jul,73.6,68.1,310253,286902,23351,7.5
1996,Aug,73.7,68.2,310549,287223,23326,7.5
1996,Sep,73.8,68.2,310813,287472,23341,7.5
1996,Oct,73.7,68.1,311052,287671,23381,7.5
1996,Nov,73.7,68.2,311282,287853,23429,7.5
1996,Dec,73.8,68.2,311537,288064,23473,7.5
1997,Jan,73.8,68.3,311835,288349,23486,7.5
1997,Feb,73.9,68.4,312154,288732,23422,7.5
1997,Mar,73.8,68.3,312474,289200,23274,7.4
1997,Apr,73.9,68.5,312777,289711,23066,7.4
1997,May,74,68.6,313056,290215,22841,7.3
1997,Jun,74,68.7,313294,290679,22615,7.2
1997,Jul,74.1,68.8,313475,291091,22384,7.1
1997,Aug,73.9,68.7,313610,291474,22136,7.1
1997,Sep,74,68.8,313749,291892,21857,7
1997,Oct,74,68.9,313952,292425,21527,6.9
1997,Nov,73.9,68.9,314216,293089,21127,6.7
1997,Dec,74,69.1,314508,293833,20675,6.6
1998,Jan,74,69.3,314832,294566,20266,6.4
1998,Feb,74.1,69.4,315150,295177,19973,6.3
1998,Mar,74.2,69.5,315390,295575,19815,6.3
1998,Apr,74,69.4,315529,295750,19779,6.3
1998,May,74.1,69.4,315585,295751,19834,6.3
1998,Jun,74.1,69.4,315612,295675,19937,6.3
1998,Jul,74.1,69.4,315691,295647,20044,6.3
1998,Aug,74,69.2,315863,295759,20104,6.4
1998,Sep,74,69.3,316132,295996,20136,6.4
1998,Oct,73.9,69.2,316474,296281,20193,6.4
1998,Nov,73.8,69.1,316832,296525,20307,6.4
1998,Dec,73.9,69.1,317156,296660,20496,6.5
1999,Jan,73.8,69,317381,296673,20708,6.5
1999,Feb,73.8,69,317480,296594,20886,6.6
1999,Mar,73.7,68.8,317489,296484,21005,6.6
1999,Apr,73.7,68.8,317464,296441,21023,6.6
1999,May,73.5,68.6,317454,296533,20921,6.6
1999,Jun,73.3,68.5,317523,296790,20733,6.5
1999,Jul,73.4,68.6,317703,297177,20526,6.5
1999,Aug,73.3,68.6,317984,297626,20358,6.4
1999,Sep,73.3,68.7,318316,298070,20246,6.4
1999,Oct,73.4,68.8,318617,298444,20173,6.3
1999,Nov,73.3,68.7,318846,298702,20144,6.3
1999,Dec,73.3,68.7,318983,298838,20145,6.3
2000,Jan,73.4,68.7,319059,298897,20162,6.3
2000,Feb,73.2,68.6,319147,298961,20186,6.3
2000,Mar,73.2,68.6,319291,299096,20195,6.3
2000,Apr,73.5,68.9,319477,299269,20208,6.3
2000,May,73.5,68.9,319659,299410,20249,6.3
2000,Jun,73.5,68.8,319766,299453,20313,6.4
2000,Jul,73.5,68.8,319777,299386,20391,6.4
2000,Aug,73.3,68.6,319719,299242,20477,6.4
2000,Sep,73.2,68.5,319625,299075,20550,6.4
2000,Oct,73.1,68.3,319530,298955,20575,6.4
2000,Nov,72.9,68.2,319459,298939,20520,6.4
2000,Dec,72.8,68.2,319455,299058,20397,6.4
2001,Jan,72.7,68.1,319538,299280,20258,6.3
2001,Feb,72.7,68.1,319726,299559,20167,6.3
2001,Mar,72.6,68,320042,299876,20166,6.3
2001,Apr,72.6,68,320485,300234,20251,6.3
2001,May,72.6,68,321019,300635,20384,6.3
2001,Jun,72.6,68,321563,301032,20531,6.4
2001,Jul,72.6,68,322013,301345,20668,6.4
2001,Aug,72.5,67.9,322282,301499,20783,6.4
2001,Sep,72.4,67.7,322405,301515,20890,6.5
2001,Oct,72.3,67.6,322501,301462,21039,6.5
2001,Nov,72.3,67.5,322692,301413,21279,6.6
2001,Dec,72.2,67.4,323030,301416,21614,6.7
2002,Jan,72.2,67.3,323503,301490,22013,6.8
2002,Feb,72.2,67.2,324044,301599,22445,6.9
2002,Mar,72.2,67.1,324565,301686,22879,7
2002,Apr,72.2,67,325032,301737,23295,7.2
2002,May,72.2,66.9,325471,301790,23681,7.3
2002,Jun,72.1,66.8,325921,301917,24004,7.4
2002,Jul,72.1,66.8,326427,302187,24240,7.4
2002,Aug,72.2,66.8,327024,302624,24400,7.5
2002,Sep,72.2,66.8,327699,303168,24531,7.5
2002,Oct,72.2,66.8,328400,303731,24669,7.5
2002,Nov,72.3,66.8,329063,304232,24831,7.5
2002,Dec,72.3,66.8,329670,304629,25041,7.6
2003,Jan,72.4,66.8,330227,304929,25298,7.7
2003,Feb,72.4,66.8,330705,305141,25564,7.7
2003,Mar,72.4,66.8,331074,305268,25806,7.8
2003,Apr,72.4,66.7,331298,305316,25982,7.8
2003,May,72.3,66.6,331375,305309,26066,7.9
2003,Jun,72.2,66.5,331390,305306,26084,7.9
2003,Jul,72.1,66.4,331444,305369,26075,7.9
2003,Aug,72,66.3,331621,305560,26061,7.9
2003,Sep,71.9,66.2,331944,305897,26047,7.8
2003,Oct,71.8,66.2,332377,306344,26033,7.8
2003,Nov,71.8,66.1,332872,306863,26009,7.8
2003,Dec,71.7,66.1,333334,307391,25943,7.8
2004,Jan,71.6,66.1,333696,307855,25841,7.7
2004,Feb,71.6,66,333984,308281,25703,7.7
2004,Mar,71.5,66,334264,308736,25528,7.6
2004,Apr,71.4,66,334612,309271,25341,7.6
2004,May,71.3,66,335111,309933,25178,7.5
2004,Jun,71.3,66,335789,310734,25055,7.5
2004,Jul,71.3,66,336618,311650,24968,7.4
2004,Aug,71.4,66.1,337535,312639,24896,7.4
2004,Sep,71.5,66.3,338483,313658,24825,7.3
2004,Oct,71.6,66.4,339410,314672,24738,7.3
2004,Nov,71.7,66.5,340255,315640,24615,7.2
2004,Dec,71.7,66.6,341024,316577,24447,7.2
2005,Jan,71.8,66.7,341699,317476,24223,7.1
2005,Feb,71.8,66.8,342265,318303,23962,7
2005,Mar,71.8,66.8,342776,319060,23716,6.9
2005,Apr,71.8,66.9,343279,319766,23513,6.8
2005,May,71.8,66.9,343788,320409,23379,6.8
2005,Jun,71.8,66.9,344327,320986,23341,6.8
2005,Jul,71.8,66.9,344890,321482,23408,6.8
2005,Aug,71.8,66.9,345435,321872,23563,6.8
2005,Sep,71.8,66.8,345921,322167,23754,6.9
2005,Oct,71.7,66.7,346346,322426,23920,6.9
2005,Nov,71.6,66.7,346737,322714,24023,6.9
2005,Dec,71.6,66.6,347121,323068,24053,6.9
2006,Jan,71.5,66.6,347570,323577,23993,6.9
2006,Feb,71.5,66.6,348126,324279,23847,6.9
2006,Mar,71.5,66.7,348739,325088,23651,6.8
2006,Apr,71.5,66.7,349356,325904,23452,6.7
2006,May,71.5,66.8,349888,326612,23276,6.7
2006,Jun,71.5,66.7,350239,327117,23122,6.6
2006,Jul,71.4,66.7,350415,327418,22997,6.6
2006,Aug,71.3,66.7,350468,327565,22903,6.5
2006,Sep,71.2,66.6,350435,327624,22811,6.5
2006,Oct,71.2,66.5,350357,327662,22695,6.5
2006,Nov,71.1,66.5,350263,327723,22540,6.4
2006,Dec,71,66.5,350163,327817,22346,6.4
2007,Jan,70.9,66.4,350056,327906,22150,6.3
2007,Feb,70.8,66.4,349954,327949,22005,6.3
2007,Mar,70.8,66.3,349888,327958,21930,6.3
2007,Apr,70.7,66.3,349891,327949,21942,6.3
2007,May,70.7,66.2,350006,327974,22032,6.3
2007,Jun,70.7,66.2,350249,328092,22157,6.3
2007,Jul,70.7,66.2,350571,328304,22267,6.4
2007,Aug,70.7,66.2,350937,328602,22335,6.4
2007,Sep,70.7,66.2,351362,328976,22386,6.4
2007,Oct,70.7,66.2,351834,329393,22441,6.4
2007,Nov,70.8,66.2,352339,329818,22521,6.4
2007,Dec,70.8,66.3,352900,330249,22651,6.4
2008,Jan,70.9,66.3,353534,330692,22842,6.5
2008,Feb,71,66.4,354231,331156,23075,6.5
2008,Mar,71.1,66.4,354965,331638,23327,6.6
2008,Apr,71.2,66.4,355661,332098,23563,6.6
2008,May,71.2,66.5,356235,332479,23756,6.7
2008,Jun,71.2,66.5,356639,332733,23906,6.7
2008,Jul,71.2,66.4,356856,332858,23998,6.7
2008,Aug,71.1,66.3,356920,332875,24045,6.7
2008,Sep,70.9,66.1,356908,332812,24096,6.8
2008,Oct,70.8,66,356922,332707,24215,6.8
2008,Nov,70.7,65.8,357059,332600,24459,6.9
2008,Dec,70.6,65.7,357354,332502,24852,7
2009,Jan,70.5,65.5,357777,332382,25395,7.1
2009,Feb,70.5,65.4,358286,332240,26046,7.3
2009,Mar,70.5,65.2,358814,332099,26715,7.4
2009,Apr,70.4,65.1,359285,331973,27312,7.6
2009,May,70.3,64.9,359655,331855,27800,7.7
2009,Jun,70.3,64.8,359940,331749,28191,7.8
2009,Jul,70.1,64.6,360145,331650,28495,7.9
2009,Aug,70.1,64.6,360268,331567,28701,8
2009,Sep,70.1,64.5,360326,331517,28809,8
2009,Oct,70.1,64.5,360349,331488,28861,8
2009,Nov,70.1,64.5,360386,331485,28901,8
2009,Dec,70.1,64.4,360453,331517,28936,8
2010,Jan,70.1,64.4,360551,331605,28946,8
2010,Feb,70.1,64.4,360671,331758,28913,8
2010,Mar,70.1,64.5,360805,331968,28837,8
2010,Apr,70,64.4,360965,332248,28717,8
2010,May,69.9,64.4,361150,332605,28545,7.9
2010,Jun,69.8,64.3,361348,333011,28337,7.8
2010,Jul,69.7,64.3,361603,333436,28167,7.8
2010,Aug,69.6,64.2,361986,333880,28106,7.8
2010,Sep,69.6,64.2,362510,334353,28157,7.8
2010,Oct,69.6,64.2,363144,334876,28268,7.8
2010,Nov,69.6,64.2,363800,335426,28374,7.8
2010,Dec,69.6,64.2,364371,335950,28421,7.8
2011,Jan,69.6,64.2,364782,336406,28376,7.8
2011,Feb,69.5,64.2,365003,336768,28235,7.7
2011,Mar,69.4,64.1,365077,337045,28032,7.7
2011,Apr,69.3,64.1,365121,337303,27818,7.6
2011,May,69.3,64,365247,337610,27637,7.6
2011,Jun,69.2,64,365500,337993,27507,7.5
2011,Jul,69.1,64,365887,338432,27455,7.5
2011,Aug,69.1,64,366325,338848,27477,7.5
2011,Sep,69.1,64,366676,339160,27516,7.5
2011,Oct,69.1,63.9,366859,339342,27517,7.5
2011,Nov,69,63.9,366844,339398,27446,7.5
2011,Dec,68.9,63.8,366674,339373,27301,7.4
2012,Jan,68.8,63.7,366425,339328,27097,7.4
2012,Feb,68.7,63.7,366158,339301,26857,7.3
2012,Mar,68.6,63.6,365907,339291,26616,7.3
2012,Apr,68.5,63.6,365649,339247,26402,7.2
2012,May,68.4,63.5,365425,339189,26236,7.2
2012,Jun,68.3,63.4,365279,339191,26088,7.1
2012,Jul,68.2,63.4,365206,339296,25910,7.1
2012,Aug,68.2,63.4,365197,339480,25717,7
2012,Sep,68.2,63.4,365256,339678,25578,7
2012,Oct,68.2,63.4,365327,339822,25505,7
2012,Nov,68.1,63.4,365360,339883,25477,7
2012,Dec,68.1,63.3,365333,339858,25475,7
2013,Jan,68,63.3,365252,339758,25494,7
2013,Feb,68,63.2,365142,339624,25518,7
2013,Mar,67.9,63.2,365061,339539,25522,7
2013,Apr,67.9,63.2,365073,339583,25490,7
2013,May,67.9,63.2,365154,339715,25439,7
2013,Jun,67.9,63.2,365262,339843,25419,7
2013,Jul,67.9,63.1,365373,339939,25434,7
2013,Aug,67.8,63.1,365454,340011,25443,7
2013,Sep,67.8,63.1,365511,340073,25438,7
2013,Oct,67.8,63.1,365552,340102,25450,7
2013,Nov,67.8,63.1,365597,340104,25493,7
2013,Dec,67.8,63.1,365674,340129,25545,7
2014,Jan,67.8,63.1,365570,340015,25555,7
2014,Feb,67.9,63.1,365748,340179,25569,7
2014,Mar,67.9,63.1,365935,340355,25580,7
2014,Apr,67.9,63.1,366066,340463,25603,7
2014,May,67.9,63.1,366094,340486,25608,7
2014,Jun,67.8,63.1,365994,340451,25543,7
2014,Jul,67.8,63.1,365747,340360,25387,6.9
2014,Aug,67.7,63,365398,340264,25134,6.9
2014,Sep,67.6,63,365010,340227,24783,6.8
2014,Oct,67.5,62.9,364676,340294,24382,6.7
2014,Nov,67.4,63,364432,340430,24002,6.6
2014,Dec,67.4,63,364273,340562,23711,6.5
2015,Jan,67.3,63,364114,340583,23531,6.5
2015,Feb,67.3,62.9,364029,340541,23488,6.5
2015,Mar,67.3,62.9,363930,340425,23505,6.5
2015,Apr,67.2,62.9,363786,340270,23516,6.5
2015,May,67.2,62.8,363598,340103,23495,6.5
2015,Jun,67.1,62.7,363384,339916,23468,6.5
2015,Jul,67,62.7,363167,339696,23471,6.5
2015,Aug,66.9,62.6,362957,339431,23526,6.5
2015,Sep,66.8,62.5,362746,339113,23633,6.5
2015,Oct,66.8,62.4,362542,338763,23779,6.6
2015,Nov,66.7,62.3,362386,338440,23946,6.6
2015,Dec,66.7,62.2,362323,338198,24125,6.7
2016,Jan,66.5,62.1,362326,338026,24300,6.7
2016,Feb,66.5,62,362337,337879,24458,6.8
2016,Mar,66.5,62,362317,337721,24596,6.8
2016,Apr,66.4,61.9,362235,337520,24715,6.8
2016,May,66.4,61.8,362074,337261,24813,6.9
2016,Jun,66.3,61.7,361847,336972,24875,6.9
2016,Jul,66.2,61.6,361613,336707,24906,6.9
2016,Aug,66.1,61.6,361426,336495,24931,6.9
2016,Sep,66.1,61.5,361330,336361,24969,6.9
2016,Oct,66.1,61.5,361322,336309,25013,6.9
2016,Nov,66.1,61.5,361337,336280,25057,6.9
2016,Dec,66.1,61.5,361295,336208,25087,6.9
2017,Jan,66.1,61.5,361184,336091,25093,6.9
2017,Feb,66,61.4,360999,335923,25076,6.9
2017,Mar,66,61.4,360734,335685,25049,6.9
2017,Apr,65.9,61.4,360424,335404,25020,6.9
2017,May,65.9,61.3,360108,335115,24993,6.9
2017,Jun,65.8,61.2,359773,334812,24961,6.9
2017,Jul,65.8,61.2,359397,334477,24920,6.9
2017,Aug,65.7,61.1,358955,334099,24856,6.9
2017,Sep,65.6,61,358433,333676,24757,6.9
2017,Oct,65.5,61,357834,333225,24609,6.9
2017,Nov,65.3,60.9,357182,332767,24415,6.8
2017,Dec,65.2,60.8,356505,332314,24191,6.8
2018,Jan,65.1,60.7,355829,331874,23955,6.7
2018,Feb,65,60.7,355178,331455,23723,6.7
2018,Mar,64.9,60.6,354566,331070,23496,6.6
2018,Apr,64.8,60.6,353961,330684,23277,6.6
2018,May,64.7,60.5,353358,330286,23072,6.5
2018,Jun,64.6,60.4,352793,329915,22878,6.5
2018,Jul,64.5,60.4,352275,329595,22680,6.4
2018,Aug,64.4,60.3,351779,329316,22463,6.4
2018,Sep,64.4,60.3,351291,329057,22234,6.3
2018,Oct,64.3,60.2,350796,328786,22010,6.3
2018,Nov,64.2,60.2,350301,328499,21802,6.2
2018,Dec,64.1,60.2,349804,328196,21608,6.2
2019,Jan,64,60.1,349304,327856,21448,6.1
2019,Feb,64,60.1,348849,327502,21347,6.1
2019,Mar,63.9,60,348497,327179,21318,6.1
2019,Apr,63.9,60,348294,326939,21355,6.1
2019,May,63.9,60,348202,326774,21428,6.2
2019,Jun,63.9,60,348117,326611,21506,6.2
2019,Jul,63.9,59.9,347947,326408,21539,6.2
2019,Aug,63.8,59.9,347620,326119,21501,6.2
2019,Sep,63.8,59.8,347254,325848,21406,6.2
2019,Oct,63.7,59.8,346910,325618,21292,6.1
2019,Nov,63.7,59.8,346806,325568,21238,6.1
2019,Dec,63.7,59.8,346831,325597,21234,6.1
2020,Jan,63.6,59.8,346278,325347,20931,6
2020,Feb,63.5,59.8,345418,325323,20095,5.8
2020,Mar,63.3,60,344266,326251,18015,5.2
2020,Apr,62.4,54,339224,293448,45776,13.5
2020,May,61.3,53.5,333394,291016,42378,12.7
2020,Jun,63.2,55.4,343599,300890,42709,12.4
2020,Jul,62.7,55.4,340956,301284,39672,11.6
2020,Aug,60.6,56.1,329089,304872,24217,7.4
2020,Sep,61.3,56.9,333004,309168,23836,7.2
