Year,Period,labor force participation rate,employment-population ratio,labor force,employment,unemployment,unemployment rate
1976,Jan,63,58.1,262688,242382,20306,7.7
1976,Feb,62.8,58,262592,242420,20172,7.7
1976,Mar,62.8,58,262596,242340,20256,7.7
1976,Apr,62.8,57.7,262989,241923,21066,8
1976,May,62.8,57.5,263585,241399,22186,8.4
1976,Jun,62.9,57.4,264322,240938,23384,8.8
1976,Jul,63,57.2,265027,240614,24413,9.2
1976,Aug,62.9,57,265641,240547,25094,9.4
1976,Sep,63.1,57,266225,240675,25550,9.6
1976,Oct,63.1,57,266885,240999,25886,9.7
1976,Nov,63.1,57,267699,241581,26118,9.8
1976,Dec,63.4,57.2,268702,242498,26204,9.8
1977,Jan,63.5,57.4,269870,243757,26113,9.7
1977,Feb,63.6,57.6,271090,245257,25833,9.5
1977,Mar,63.9,57.9,272185,246836,25349,9.3
1977,Apr,63.9,58.2,273009,248330,24679,9
1977,May,63.9,58.3,273473,249589,23884,8.7
1977,Jun,63.9,58.5,273603,250531,23072,8.4
1977,Jul,63.8,58.5,273524,251174,22350,8.2
1977,Aug,63.6,58.5,273383,251614,21769,8
1977,Sep,63.6,58.6,273280,251956,21324,7.8
1977,Oct,63.4,58.5,273253,252250,21003,7.7
1977,Nov,63.4,58.6,273331,252509,20822,7.6
1977,Dec,63.3,58.5,273516,252763,20753,7.6
1978,Jan,63.4,58.6,273820,253086,20734,7.6
1978,Feb,63.3,58.6,274287,253556,20731,7.6
1978,Mar,63.5,58.7,274961,254207,20754,7.5
1978,Apr,63.6,58.8,275831,255033,20798,7.5
1978,May,63.8,59,276817,255989,20828,7.5
1978,Jun,63.9,59.1,277760,256964,20796,7.5
1978,Jul,64,59.3,278508,257815,20693,7.4
1978,Aug,64.1,59.4,279000,258456,20544,7.4
1978,Sep,64,59.4,279253,258888,20365,7.3
1978,Oct,64.1,59.4,279351,259164,20187,7.2
1978,Nov,63.9,59.3,279391,259310,20081,7.2
1978,Dec,63.9,59.3,279429,259327,20102,7.2
1979,Jan,64,59.3,279470,259239,20231,7.2
1979,Feb,63.8,59.2,279484,259103,20381,7.3
1979,Mar,63.8,59.1,279433,258989,20444,7.3
1979,Apr,63.6,59,279336,258963,20373,7.3
1979,May,63.6,59,279317,259104,20213,7.2
1979,Jun,63.5,59,279528,259471,20057,7.2
1979,Jul,63.7,59.1,280069,260084,19985,7.1
1979,Aug,63.8,59.3,280906,260859,20047,7.1
1979,Sep,64.1,59.5,281876,261662,20214,7.2
1979,Oct,64.3,59.6,282730,262379,20351,7.2
1979,Nov,64.4,59.8,283258,262906,20352,7.2
1979,Dec,64.6,59.9,283390,263176,20214,7.1
1980,Jan,64.5,60,283209,263181,20028,7.1
1980,Feb,64.4,59.9,282926,262975,19951,7.1
1980,Mar,64.4,59.8,282778,262653,20125,7.1
1980,Apr,64.4,59.8,282899,262306,20593,7.3
1980,May,64.5,59.7,283267,261995,21272,7.5
1980,Jun,64.5,59.5,283771,261785,21986,7.7
1980,Jul,64.6,59.5,284258,261720,22538,7.9
1980,Aug,64.5,59.4,284612,261815,22797,8
1980,Sep,64.6,59.4,284831,262051,22780,8
1980,Oct,64.6,59.5,284997,262376,22621,7.9
1980,Nov,64.5,59.5,285205,262774,22431,7.9
1980,Dec,64.6,59.6,285511,263226,22285,7.8
1981,Jan,64.5,59.5,285879,263668,22211,7.8
1981,Feb,64.6,59.6,286226,264072,22154,7.7
1981,Mar,64.7,59.7,286538,264461,22077,7.7
1981,Apr,64.6,59.7,286820,264850,21970,7.7
1981,May,64.7,59.7,287086,265232,21854,7.6
1981,Jun,64.6,59.7,287345,265550,21795,7.6
1981,Jul,64.6,59.7,287627,265753,21874,7.6
1981,Aug,64.6,59.6,288005,265844,22161,7.7
1981,Sep,64.7,59.6,288579,265895,22684,7.9
1981,Oct,64.7,59.5,289413,266035,23378,8.1
1981,Nov,65,59.6,290494,266369,24125,8.3
1981,Dec,65.1,59.6,291729,266950,24779,8.5
1982,Jan,65.4,59.8,292984,267743,25241,8.6
1982,Feb,65.5,59.8,294061,268596,25465,8.7
1982,Mar,65.6,60,294758,269308,25450,8.6
1982,Apr,65.6,59.9,295016,269765,25251,8.6
1982,May,65.5,60,294927,269972,24955,8.5
1982,Jun,65.3,59.9,294661,270008,24653,8.4
1982,Jul,65.3,59.9,294398,269983,24415,8.3
1982,Aug,65.2,59.9,294226,269985,24241,8.2
1982,Sep,65.1,59.7,294138,270055,24083,8.2
1982,Oct,65.1,59.8,294104,270162,23942,8.1
1982,Nov,64.9,59.7,294097,270254,23843,8.1
1982,Dec,64.9,59.7,294078,270286,23792,8.1
1983,Jan,64.9,59.7,294034,270255,23779,8.1
1983,Feb,64.8,59.5,293997,270226,23771,8.1
1983,Mar,64.8,59.5,294006,270289,23717,8.1
1983,Apr,64.6,59.5,294110,270519,23591,8
1983,May,64.7,59.6,294374,270954,23420,8
1983,Jun,64.7,59.6,294858,271636,23222,7.9
1983,Jul,64.8,59.8,295595,272592,23003,7.8
1983,Aug,64.9,59.9,296565,273785,22780,7.7
1983,Sep,65.1,60.2,297677,275155,22522,7.6
1983,Oct,65.2,60.4,298804,276645,22159,7.4
1983,Nov,65.5,60.7,299844,278200,21644,7.2
1983,Dec,65.5,61,300781,279799,20982,7
1984,Jan,65.7,61.3,301673,281412,20261,6.7
1984,Feb,65.8,61.5,302608,282958,19650,6.5
1984,Mar,65.9,61.7,303637,284356,19281,6.4
1984,Apr,66.1,61.9,304754,285577,19177,6.3
1984,May,66.2,62,305924,286657,19267,6.3
1984,Jun,66.5,62.3,307086,287648,19438,6.3
1984,Jul,66.6,62.3,308164,288598,19566,6.3
1984,Aug,66.6,62.4,309120,289545,19575,6.3
1984,Sep,66.7,62.5,309932,290472,19460,6.3
1984,Oct,66.8,62.7,310593,291345,19248,6.2
1984,Nov,66.8,62.7,311132,292146,18986,6.1
1984,Dec,66.7,62.7,311596,292882,18714,6
1985,Jan,66.7,62.7,312037,293614,18423,5.9
1985,Feb,66.8,62.9,312547,294475,18072,5.8
1985,Mar,66.8,63,313245,295571,17674,5.6
1985,Apr,66.9,63.2,314197,296932,17265,5.5
1985,May,67,63.4,315355,298501,16854,5.3
1985,Jun,67.2,63.7,316594,300153,16441,5.2
1985,Jul,67.3,63.9,317753,301726,16027,5
1985,Aug,67.4,64.1,318689,303097,15592,4.9
1985,Sep,67.5,64.3,319352,304188,15164,4.7
1985,Oct,67.5,64.3,319799,304973,14826,4.6
1985,Nov,67.4,64.3,320156,305491,14665,4.6
1985,Dec,67.5,64.4,320574,305838,14736,4.6
1986,Jan,67.5,64.3,321191,306162,15029,4.7
1986,Feb,67.5,64.3,322043,306593,15450,4.8
1986,Mar,67.7,64.4,323029,307203,15826,4.9
1986,Apr,67.8,64.4,323971,307998,15973,4.9
1986,May,67.8,64.5,324704,308917,15787,4.9
1986,Jun,67.9,64.7,325165,309896,15269,4.7
1986,Jul,67.8,64.8,325419,310902,14517,4.5
1986,Aug,67.7,64.9,325610,311947,13663,4.2
1986,Sep,67.6,65,325898,313087,12811,3.9
1986,Oct,67.6,65.1,326397,314369,12028,3.7
1986,Nov,67.6,65.2,327149,315771,11378,3.5
1986,Dec,67.7,65.4,328117,317216,10901,3.3
1987,Jan,67.7,65.5,329158,318561,10597,3.2
1987,Feb,67.9,65.8,330099,319668,10431,3.2
1987,Mar,67.9,65.8,330822,320481,10341,3.1
1987,Apr,67.9,65.8,331288,321023,10265,3.1
1987,May,67.8,65.7,331564,321402,10162,3.1
1987,Jun,67.7,65.7,331806,321771,10035,3
1987,Jul,67.7,65.6,332207,322280,9927,3
1987,Aug,67.7,65.7,332935,323013,9922,3
1987,Sep,67.8,65.7,334074,323997,10077,3
1987,Oct,68.1,66,335575,325211,10364,3.1
1987,Nov,68.3,66.1,337285,326611,10674,3.2
1987,Dec,68.5,66.3,338997,328125,10872,3.2
1988,Jan,68.7,66.5,340594,329707,10887,3.2
1988,Feb,68.8,66.7,342076,331353,10723,3.1
1988,Mar,69,66.9,343523,333053,10470,3
1988,Apr,69.3,67.2,345050,334763,10287,3
1988,May,69.5,67.4,346697,336403,10294,3
1988,Jun,69.7,67.6,348386,337876,10510,3
1988,Jul,69.9,67.7,349974,339104,10870,3.1
1988,Aug,70,67.7,351328,340080,11248,3.2
1988,Sep,70.1,67.8,352390,340876,11514,3.3
1988,Oct,70.2,67.9,353192,341598,11594,3.3
1988,Nov,70.2,67.9,353844,342348,11496,3.2
1988,Dec,70.2,68,354475,343178,11297,3.2
1989,Jan,70.2,68,355187,344068,11119,3.1
1989,Feb,70.4,68.2,356032,344913,11119,3.1
1989,Mar,70.4,68.2,357021,345649,11372,3.2
1989,Apr,70.5,68.2,358110,346291,11819,3.3
1989,May,70.6,68.1,359231,346869,12362,3.4
1989,Jun,70.8,68.3,360290,347412,12878,3.6
1989,Jul,70.8,68.2,361173,347936,13237,3.7
1989,Aug,70.9,68.3,361783,348377,13406,3.7
1989,Sep,70.9,68.2,362071,348626,13445,3.7
1989,Oct,70.7,68.1,362043,348613,13430,3.7
1989,Nov,70.5,67.9,361747,348323,13424,3.7
1989,Dec,70.4,67.8,361266,347809,13457,3.7
1990,Jan,71,68.4,360679,347179,13500,3.7
1990,Feb,70.8,68.1,360040,346529,13511,3.8
1990,Mar,70.5,67.9,359394,345894,13500,3.8
1990,Apr,70.4,67.7,358801,345258,13543,3.8
1990,May,70.1,67.4,358304,344613,13691,3.8
1990,Jun,70,67.2,357923,343907,14016,3.9
1990,Jul,69.8,66.9,357669,343087,14582,4.1
1990,Aug,69.6,66.6,357488,342182,15306,4.3
1990,Sep,70.5,66.4,361984,341259,20725,5.7
1990,Oct,70.6,66.1,363250,340392,22858,6.3
1990,Nov,70.5,65.8,363579,339658,23921,6.6
1990,Dec,70.5,65.7,363631,339089,24542,6.7
1991,Jan,70.3,65.5,363547,338684,24863,6.8
1991,Feb,70.1,65.3,363311,338441,24870,6.8
1991,Mar,70,65.3,362864,338300,24564,6.8
1991,Apr,69.8,65.1,362207,338187,24020,6.6
1991,May,69.5,65,361434,338109,23325,6.5
1991,Jun,69.3,65,360731,338167,22564,6.3
1991,Jul,69.1,64.9,360272,338455,21817,6.1
1991,Aug,68.9,64.9,360207,338994,21213,5.9
1991,Sep,69,65,360551,339743,20808,5.8
1991,Oct,69,65,361145,340588,20557,5.7
1991,Nov,69.1,65.2,361823,341422,20401,5.6
1991,Dec,69.1,65.2,362482,342189,20293,5.6
1992,Jan,69.2,65.3,363110,342851,20259,5.6
1992,Feb,69.2,65.3,363738,343424,20314,5.6
1992,Mar,69.3,65.4,364413,344002,20411,5.6
1992,Apr,69.3,65.4,365150,344679,20471,5.6
1992,May,69.4,65.5,365931,345450,20481,5.6
1992,Jun,69.4,65.6,366734,346301,20433,5.6
1992,Jul,69.6,65.7,367543,347247,20296,5.5
1992,Aug,69.6,65.8,368339,348306,20033,5.4
1992,Sep,69.6,65.9,369117,349471,19646,5.3
1992,Oct,69.6,66,369889,350699,19190,5.2
1992,Nov,69.7,66.2,370618,351886,18732,5.1
1992,Dec,69.7,66.2,371264,352935,18329,4.9
1993,Jan,69.7,66.3,371849,353828,18021,4.8
1993,Feb,69.8,66.4,372459,354600,17859,4.8
1993,Mar,69.8,66.4,373198,355312,17886,4.8
1993,Apr,69.9,66.5,374141,356048,18093,4.8
1993,May,70,66.6,375279,356854,18425,4.9
1993,Jun,70.1,66.6,376509,357694,18815,5
1993,Jul,70.3,66.7,377694,358476,19218,5.1
1993,Aug,70.4,66.7,378733,359138,19595,5.2
1993,Sep,70.4,66.7,379609,359681,19928,5.2
1993,Oct,70.5,66.8,380381,360165,20216,5.3
1993,Nov,70.5,66.7,381132,360667,20465,5.4
1993,Dec,70.6,66.8,381940,361275,20665,5.4
1994,Jan,70.7,66.8,382814,362042,20772,5.4
1994,Feb,70.8,67,383698,362955,20743,5.4
1994,Mar,70.8,67,384499,363950,20549,5.3
1994,Apr,70.9,67.2,385111,364933,20178,5.2
1994,May,70.9,67.2,385458,365820,19638,5.1
1994,Jun,70.9,67.4,385544,366564,18980,4.9
1994,Jul,70.7,67.3,385441,367161,18280,4.7
1994,Aug,70.5,67.3,385242,367640,17602,4.6
1994,Sep,70.5,67.4,385043,368062,16981,4.4
1994,Oct,70.3,67.3,384926,368511,16415,4.3
1994,Nov,70.2,67.3,384964,369036,15928,4.1
1994,Dec,70.1,67.2,385148,369581,15567,4
1995,Jan,70,67.2,385415,370020,15395,4
1995,Feb,69.9,67.1,385688,370261,15427,4
1995,Mar,69.8,67,385900,370291,15609,4
1995,Apr,69.8,67,386030,370153,15877,4.1
1995,May,69.7,66.8,386099,369937,16162,4.2
1995,Jun,69.6,66.6,386127,369712,16415,4.3
1995,Jul,69.4,66.4,386105,369485,16620,4.3
1995,Aug,69.3,66.3,386024,369184,16840,4.4
1995,Sep,69.1,66.1,385892,368740,17152,4.4
1995,Oct,69.1,65.9,385744,368130,17614,4.6
1995,Nov,68.9,65.7,385634,367434,18200,4.7
1995,Dec,68.8,65.4,385623,366826,18797,4.9
1996,Jan,68.8,65.4,385750,366495,19255,5
1996,Feb,68.7,65.3,386010,366533,19477,5
1996,Mar,68.7,65.2,386358,366864,19494,5
1996,Apr,68.7,65.3,386753,367330,19423,5
1996,May,68.7,65.2,387188,367783,19405,5
1996,Jun,68.6,65.2,387703,368152,19551,5
1996,Jul,68.6,65.1,388336,368455,19881,5.1
1996,Aug,68.7,65.1,389057,368769,20288,5.2
1996,Sep,68.7,65.1,389723,369139,20584,5.3
1996,Oct,68.7,65,390150,369557,20593,5.3
1996,Nov,68.7,65.1,390185,369981,20204,5.2
1996,Dec,68.5,65,389796,370335,19461,5
1997,Jan,68.2,65,389084,370563,18521,4.8
1997,Feb,68,65,388242,370666,17576,4.5
1997,Mar,67.9,65,387488,370729,16759,4.3
1997,Apr,67.7,64.9,386978,370844,16134,4.2
1997,May,67.5,64.8,386735,371047,15688,4.1
1997,Jun,67.5,64.8,386686,371352,15334,4
1997,Jul,67.4,64.8,386764,371772,14992,3.9
1997,Aug,67.4,64.9,386952,372316,14636,3.8
1997,Sep,67.3,64.9,387294,372980,14314,3.7
1997,Oct,67.3,64.9,387850,373745,14105,3.6
1997,Nov,67.4,65,388646,374577,14069,3.6
1997,Dec,67.5,65,389657,375452,14205,3.6
1998,Jan,67.6,65.1,390796,376341,14455,3.7
1998,Feb,67.8,65.2,391968,377209,14759,3.8
1998,Mar,67.8,65.2,393076,378026,15050,3.8
1998,Apr,68,65.4,394050,378801,15249,3.9
1998,May,68,65.4,394880,379558,15322,3.9
1998,Jun,68.1,65.5,395565,380281,15284,3.9
1998,Jul,68.1,65.5,396074,380937,15137,3.8
1998,Aug,68,65.5,396389,381521,14868,3.8
1998,Sep,68,65.5,396516,382032,14484,3.7
1998,Oct,67.9,65.5,396493,382467,14026,3.5
1998,Nov,67.9,65.5,396397,382811,13586,3.4
1998,Dec,67.7,65.5,396312,383051,13261,3.3
1999,Jan,67.6,65.4,396289,383190,13099,3.3
1999,Feb,67.6,65.4,396353,383261,13092,3.3
1999,Mar,67.5,65.3,396520,383330,13190,3.3
1999,Apr,67.5,65.3,396793,383458,13335,3.4
1999,May,67.5,65.2,397161,383699,13462,3.4
1999,Jun,67.6,65.3,397659,384113,13546,3.4
1999,Jul,67.5,65.2,398319,384703,13616,3.4
1999,Aug,67.6,65.2,399140,385431,13709,3.4
1999,Sep,67.7,65.4,400102,386265,13837,3.5
1999,Oct,67.8,65.4,401177,387193,13984,3.5
1999,Nov,67.8,65.5,402354,388233,14121,3.5
1999,Dec,68.1,65.7,403638,389398,14240,3.5
2000,Jan,68.2,65.8,405052,390690,14362,3.5
2000,Feb,68.4,66,406611,392098,14513,3.6
2000,Mar,68.6,66.1,408297,393574,14723,3.6
2000,Apr,68.9,66.4,410055,395051,15004,3.7
2000,May,69.1,66.6,411779,396465,15314,3.7
2000,Jun,69.3,66.7,413343,397759,15584,3.8
2000,Jul,69.4,66.8,414712,398934,15778,3.8
2000,Aug,69.6,66.9,415974,400046,15928,3.8
2000,Sep,69.7,67,417246,401160,16086,3.9
2000,Oct,69.8,67.1,418586,402330,16256,3.9
2000,Nov,70,67.3,419944,403561,16383,3.9
2000,Dec,70.1,67.4,421163,404793,16370,3.9
2001,Jan,70.2,67.5,422076,405925,16151,3.8
2001,Feb,70.2,67.6,422562,406840,15722,3.7
2001,Mar,70.1,67.6,422600,407457,15143,3.6
2001,Apr,70,67.6,422292,407763,14529,3.4
2001,May,69.9,67.6,421843,407816,14027,3.3
2001,Jun,69.7,67.5,421469,407720,13749,3.3
2001,Jul,69.6,67.4,421290,407563,13727,3.3
2001,Aug,69.5,67.2,421274,407354,13920,3.3
2001,Sep,69.5,67.1,421330,407067,14263,3.4
2001,Oct,69.4,67,421357,406660,14697,3.5
2001,Nov,69.3,66.8,421285,406090,15195,3.6
2001,Dec,69.2,66.6,421097,405358,15739,3.7
2002,Jan,69.1,66.4,420776,404483,16293,3.9
2002,Feb,68.9,66.2,420290,403498,16792,4
2002,Mar,68.7,65.9,419636,402478,17158,4.1
2002,Apr,68.5,65.7,418853,401522,17331,4.1
2002,May,68.3,65.5,417988,400689,17299,4.1
2002,Jun,68.1,65.3,417078,399975,17103,4.1
2002,Jul,67.9,65.1,416167,399349,16818,4
2002,Aug,67.6,64.9,415317,398800,16517,4
2002,Sep,67.4,64.8,414573,398280,16293,3.9
2002,Oct,67.2,64.6,413954,397704,16250,3.9
2002,Nov,67,64.4,413478,397047,16431,4
2002,Dec,66.9,64.2,413135,396357,16778,4.1
2003,Jan,66.8,64,412960,395765,17195,4.2
2003,Feb,66.7,63.9,412995,395407,17588,4.3
2003,Mar,66.7,63.8,413246,395337,17909,4.3
2003,Apr,66.7,63.8,413663,395529,18134,4.4
2003,May,66.7,63.8,414178,395937,18241,4.4
2003,Jun,66.7,63.8,414747,396520,18227,4.4
2003,Jul,66.7,63.8,415326,397213,18113,4.4
2003,Aug,66.7,63.8,415875,397952,17923,4.3
2003,Sep,66.7,63.9,416390,398743,17647,4.2
2003,Oct,66.7,63.9,416900,399623,17277,4.1
2003,Nov,66.7,64,417437,400575,16862,4
2003,Dec,66.7,64,418002,401502,16500,3.9
2004,Jan,66.7,64.1,418565,402299,16266,3.9
2004,Feb,66.7,64.1,419090,402910,16180,3.9
2004,Mar,66.7,64.1,419552,403334,16218,3.9
2004,Apr,66.6,64,419943,403589,16354,3.9
2004,May,66.6,64,420270,403708,16562,3.9
2004,Jun,66.5,63.9,420531,403738,16793,4
2004,Jul,66.5,63.8,420719,403726,16993,4
2004,Aug,66.4,63.7,420835,403694,17141,4.1
2004,Sep,66.3,63.6,420898,403661,17237,4.1
2004,Oct,66.2,63.5,420954,403693,17261,4.1
2004,Nov,66.1,63.4,421125,403931,17194,4.1
2004,Dec,66.1,63.4,421596,404535,17061,4
2005,Jan,66.1,63.5,422512,405567,16945,4
2005,Feb,66.2,63.6,423909,406974,16935,4
2005,Mar,66.4,63.7,425728,408661,17067,4
2005,Apr,66.6,63.9,427824,410506,17318,4
2005,May,66.9,64.1,430020,412377,17643,4.1
2005,Jun,67.1,64.3,432167,414168,17999,4.2
2005,Jul,67.3,64.4,434173,415829,18344,4.2
2005,Aug,67.5,64.6,435976,417363,18613,4.3
2005,Sep,67.6,64.7,437521,418784,18737,4.3
2005,Oct,67.6,64.7,438769,420089,18680,4.3
2005,Nov,67.6,64.8,439663,421234,18429,4.2
2005,Dec,67.6,64.8,440190,422177,18013,4.1
2006,Jan,67.5,64.8,440411,422937,17474,4
2006,Feb,67.4,64.8,440431,423547,16884,3.8
2006,Mar,67.3,64.8,440389,424031,16358,3.7
2006,Apr,67.2,64.8,440409,424410,15999,3.6
2006,May,67.1,64.7,440551,424730,15821,3.6
2006,Jun,67.1,64.7,440812,425046,15766,3.6
2006,Jul,67,64.6,441153,425421,15732,3.6
2006,Aug,67,64.6,441522,425892,15630,3.5
2006,Sep,67,64.6,441873,426432,15441,3.5
2006,Oct,66.9,64.6,442186,426982,15204,3.4
2006,Nov,66.9,64.6,442452,427448,15004,3.4
2006,Dec,66.8,64.6,442636,427740,14896,3.4
2007,Jan,66.7,64.5,442720,427824,14896,3.4
2007,Feb,66.7,64.4,442736,427749,14987,3.4
2007,Mar,66.6,64.3,442693,427606,15087,3.4
2007,Apr,66.5,64.2,442617,427512,15105,3.4
2007,May,66.4,64.1,442571,427553,15018,3.4
2007,Jun,66.3,64.1,442635,427749,14886,3.4
2007,Jul,66.3,64,442881,428072,14809,3.3
2007,Aug,66.2,64,443356,428463,14893,3.4
2007,Sep,66.3,64,444059,428880,15179,3.4
2007,Oct,66.3,64,444906,429288,15618,3.5
2007,Nov,66.3,63.9,445778,429670,16108,3.6
2007,Dec,66.4,63.9,446557,429982,16575,3.7
2008,Jan,66.4,63.8,447129,430131,16998,3.8
2008,Feb,66.3,63.7,447431,430031,17400,3.9
2008,Mar,66.3,63.6,447516,429637,17879,4
2008,Apr,66.2,63.4,447476,428932,18544,4.1
2008,May,66.1,63.2,447391,427942,19449,4.3
2008,Jun,66,63,447326,426730,20596,4.6
2008,Jul,65.9,62.7,447280,425347,21933,4.9
2008,Aug,65.8,62.4,447205,423812,23393,5.2
2008,Sep,65.7,62.1,447058,422110,24948,5.6
2008,Oct,65.6,61.7,446804,420197,26607,6
2008,Nov,65.5,61.3,446400,418038,28362,6.4
2008,Dec,65.4,60.9,445841,415667,30174,6.8
2009,Jan,65.2,60.5,445150,413180,31970,7.2
2009,Feb,65,60.1,444328,410691,33637,7.6
2009,Mar,64.8,59.7,443326,408301,35025,7.9
2009,Apr,64.6,59.3,442082,406055,36027,8.1
2009,May,64.3,59,440544,403915,36629,8.3
2009,Jun,64,58.6,438726,401821,36905,8.4
2009,Jul,63.6,58.2,436739,399735,37004,8.5
2009,Aug,63.3,57.9,434741,397688,37053,8.5
2009,Sep,63,57.6,432906,395778,37128,8.6
2009,Oct,62.7,57.2,431389,394129,37260,8.6
2009,Nov,62.4,57,430324,392892,37432,8.7
2009,Dec,62.3,56.9,429769,392190,37579,8.7
2010,Jan,62.2,56.8,429710,392087,37623,8.8
2010,Feb,62.3,56.8,430100,392564,37536,8.7
2010,Mar,62.3,56.9,430874,393526,37348,8.7
2010,Apr,61.6,56.3,431940,394829,37111,8.6
2010,May,61.7,56.4,433161,396298,36863,8.5
2010,Jun,61.8,56.6,434360,397725,36635,8.4
2010,Jul,61.9,56.7,435388,398956,36432,8.4
2010,Aug,62,56.8,436206,399954,36252,8.3
2010,Sep,62,56.9,436872,400796,36076,8.3
2010,Oct,62,56.9,437508,401654,35854,8.2
2010,Nov,62,57,438229,402670,35559,8.1
2010,Dec,62.1,57.1,439063,403877,35186,8
2011,Jan,62.2,57.3,439961,405199,34762,7.9
2011,Feb,62.2,57.4,440818,406489,34329,7.8
2011,Mar,62.3,57.5,441523,407596,33927,7.7
2011,Apr,62.3,57.6,442053,408447,33606,7.6
2011,May,62.3,57.6,442477,409083,33394,7.5
2011,Jun,62.3,57.6,442907,409638,33269,7.5
2011,Jul,62.3,57.7,443436,410268,33168,7.5
2011,Aug,62.4,57.7,444069,411041,33028,7.4
2011,Sep,62.4,57.8,444727,411921,32806,7.4
2011,Oct,62.4,57.8,445322,412809,32513,7.3
2011,Nov,62.4,57.9,445777,413575,32202,7.2
2011,Dec,62.4,57.9,446079,414139,31940,7.2
2012,Jan,62.4,57.9,446257,414481,31776,7.1
2012,Feb,62.3,57.9,446336,414607,31729,7.1
2012,Mar,62.3,57.8,446320,414526,31794,7.1
2012,Apr,62.2,57.8,446198,414272,31926,7.2
2012,May,62.1,57.7,445997,413923,32074,7.2
2012,Jun,62.1,57.6,445764,413567,32197,7.2
2012,Jul,62,57.5,445538,413259,32279,7.2
2012,Aug,61.9,57.4,445340,413013,32327,7.3
2012,Sep,61.8,57.3,445164,412814,32350,7.3
2012,Oct,61.7,57.2,444940,412600,32340,7.3
2012,Nov,61.6,57.1,444605,412320,32285,7.3
2012,Dec,61.4,57,444127,411957,32170,7.2
2013,Jan,61.3,56.9,443397,411523,31874,7.2
2013,Feb,61.1,56.8,442719,411093,31626,7.1
2013,Mar,61,56.7,442088,410795,31293,7.1
2013,Apr,60.9,56.6,441632,410760,30872,7
2013,May,60.8,56.6,441417,411042,30375,6.9
2013,Jun,60.8,56.6,441465,411635,29830,6.8
2013,Jul,60.7,56.7,441767,412491,29276,6.6
2013,Aug,60.7,56.8,442276,413528,28748,6.5
2013,Sep,60.7,56.9,442934,414644,28290,6.4
2013,Oct,60.8,57,443679,415741,27938,6.3
2013,Nov,60.8,57,444459,416768,27691,6.2
2013,Dec,60.9,57.1,445267,417747,27520,6.2
2014,Jan,60.8,57.1,445213,417878,27335,6.1
2014,Feb,60.9,57.2,446233,419053,27180,6.1
2014,Mar,61,57.3,447463,420458,27005,6
2014,Apr,61.1,57.5,448871,422058,26813,6
2014,May,61.3,57.6,450377,423782,26595,5.9
2014,Jun,61.4,57.8,451889,425554,26335,5.8
2014,Jul,61.5,58,453306,427300,26006,5.7
2014,Aug,61.6,58.2,454580,428982,25598,5.6
2014,Sep,61.7,58.3,455694,430577,25117,5.5
2014,Oct,61.8,58.4,456682,432090,24592,5.4
2014,Nov,61.8,58.6,457601,433528,24073,5.3
2014,Dec,61.9,58.7,458527,434900,23627,5.2
2015,Jan,61.9,58.8,459337,436031,23306,5.1
2015,Feb,62,58.9,460361,437278,23083,5
2015,Mar,62.1,59,461462,438529,22933,5
2015,Apr,62.2,59.2,462628,439812,22816,4.9
2015,May,62.3,59.3,463834,441121,22713,4.9
2015,Jun,62.4,59.4,465051,442431,22620,4.9
2015,Jul,62.5,59.5,466269,443723,22546,4.8
2015,Aug,62.6,59.6,467458,444976,22482,4.8
2015,Sep,62.7,59.7,468575,446170,22405,4.8
2015,Oct,62.8,59.8,469587,447293,22294,4.7
2015,Nov,62.8,59.9,470458,448325,22133,4.7
2015,Dec,62.9,60,471140,449216,21924,4.7
2016,Jan,62.9,60,471595,449898,21697,4.6
2016,Feb,62.9,60,471837,450340,21497,4.6
2016,Mar,62.8,60,471918,450572,21346,4.5
2016,Apr,62.8,59.9,471907,450661,21246,4.5
2016,May,62.7,59.9,471862,450673,21189,4.5
2016,Jun,62.6,59.8,471801,450639,21162,4.5
2016,Jul,62.6,59.8,471737,450581,21156,4.5
2016,Aug,62.5,59.7,471709,450537,21172,4.5
2016,Sep,62.5,59.7,471784,450555,21229,4.5
2016,Oct,62.4,59.6,471996,450665,21331,4.5
2016,Nov,62.4,59.6,472358,450888,21470,4.5
2016,Dec,62.4,59.6,472852,451229,21623,4.6
2017,Jan,62.4,59.6,473437,451676,21761,4.6
2017,Feb,62.5,59.6,474041,452188,21853,4.6
2017,Mar,62.5,59.6,474607,452714,21893,4.6
2017,Apr,62.5,59.7,475140,453265,21875,4.6
2017,May,62.5,59.7,475650,453866,21784,4.6
2017,Jun,62.6,59.7,476148,454517,21631,4.5
2017,Jul,62.6,59.8,476641,455201,21440,4.5
2017,Aug,62.6,59.8,477114,455884,21230,4.4
2017,Sep,62.6,59.8,477547,456544,21003,4.4
2017,Oct,62.5,59.8,477946,457190,20756,4.3
2017,Nov,62.5,59.9,478329,457847,20482,4.3
2017,Dec,62.5,59.9,478746,458573,20173,4.2
2018,Jan,62.5,60,479247,459416,19831,4.1
2018,Feb,62.6,60,479842,460368,19474,4.1
2018,Mar,62.6,60.1,480470,461344,19126,4
2018,Apr,62.6,60.2,481017,462207,18810,3.9
2018,May,62.6,60.2,481433,462894,18539,3.9
2018,Jun,62.6,60.2,481729,463440,18289,3.8
2018,Jul,62.6,60.2,481958,463926,18032,3.7
2018,Aug,62.5,60.2,482212,464441,17771,3.7
2018,Sep,62.5,60.3,482562,465046,17516,3.6
2018,Oct,62.5,60.3,483047,465754,17293,3.6
2018,Nov,62.5,60.3,483656,466524,17132,3.5
2018,Dec,62.6,60.4,484314,467252,17062,3.5
2019,Jan,62.6,60.4,484902,467818,17084,3.5
2019,Feb,62.6,60.4,485355,468169,17186,3.5
2019,Mar,62.6,60.4,485708,468349,17359,3.6
2019,Apr,62.6,60.3,486041,468449,17592,3.6
2019,May,62.6,60.3,486431,468549,17882,3.7
2019,Jun,62.6,60.3,486936,468707,18229,3.7
2019,Jul,62.6,60.2,487583,468959,18624,3.8
2019,Aug,62.6,60.2,488173,469178,18995,3.9
2019,Sep,62.6,60.2,488694,469406,19288,3.9
2019,Oct,62.6,60.1,488997,469532,19465,4
2019,Nov,62.5,60,488945,469497,19448,4
2019,Dec,62.5,60,488861,469461,19400,4
2020,Jan,62.4,59.9,488917,469519,19398,4
2020,Feb,62.4,60,489276,470043,19233,3.9
2020,Mar,60.8,57.8,477377,453613,23764,5
2020,Apr,59,50.2,463508,394223,69285,14.9
2020,May,60.1,50.6,472672,397743,74929,15.9
2020,Jun,61.9,54.1,486725,425185,61540,12.6
2020,Jul,64.2,57.5,505590,452611,52979,10.5
2020,Aug,63.5,57.9,500871,456153,44718,8.9
2020,Sep,62.8,57.7,495306,454912,40394,8.2
