Year,Period,labor force participation rate,employment-population ratio,labor force,employment,unemployment,unemployment rate
1976,Jan,55.9,50.6,3592149,3248523,343626,9.6
1976,Feb,55.8,50.4,3591389,3247280,344109,9.6
1976,Mar,55.7,50.4,3591633,3249159,342474,9.5
1976,Apr,55.6,50.4,3594014,3258015,335999,9.3
1976,May,55.5,50.4,3597871,3269479,328392,9.1
1976,Jun,55.4,50.5,3602438,3280804,321634,8.9
1976,Jul,55.4,50.5,3605780,3288271,317509,8.8
1976,Aug,55.2,50.4,3608167,3291137,317030,8.8
1976,Sep,55.1,50.3,3609567,3291006,318561,8.8
1976,Oct,55,50.1,3610341,3289260,321081,8.9
1976,Nov,54.9,49.9,3611946,3288007,323939,9
1976,Dec,54.8,49.8,3616376,3289929,326447,9
1977,Jan,54.8,49.8,3626043,3297602,328441,9.1
1977,Feb,54.9,49.9,3640399,3311630,328769,9
1977,Mar,54.9,50,3656840,3330199,326641,8.9
1977,Apr,55.1,50.2,3673735,3351765,321970,8.8
1977,May,55.2,50.4,3690261,3374951,315310,8.5
1977,Jun,55.3,50.7,3706641,3398744,307897,8.3
1977,Jul,55.4,50.9,3724185,3423652,300533,8.1
1977,Aug,55.5,51.2,3744507,3450730,293777,7.8
1977,Sep,55.7,51.4,3768320,3480190,288130,7.6
1977,Oct,55.9,51.7,3794285,3510739,283546,7.5
1977,Nov,56.1,52,3820042,3540489,279553,7.3
1977,Dec,56.3,52.2,3843092,3567090,276002,7.2
1978,Jan,56.4,52.4,3863066,3590894,272172,7
1978,Feb,56.5,52.6,3881476,3612889,268587,6.9
1978,Mar,56.6,52.7,3899834,3633608,266226,6.8
1978,Apr,56.7,52.9,3918418,3653217,265201,6.8
1978,May,56.8,53,3937372,3672073,265299,6.7
1978,Jun,56.9,53.1,3956057,3690425,265632,6.7
1978,Jul,57,53.2,3973552,3707691,265861,6.7
1978,Aug,57,53.2,3989934,3723828,266106,6.7
1978,Sep,57,53.2,4006225,3740244,265981,6.6
1978,Oct,57.1,53.3,4024534,3759083,265451,6.6
1978,Nov,57.1,53.4,4045188,3780545,264643,6.5
1978,Dec,57.2,53.5,4065529,3802128,263401,6.5
1979,Jan,57.2,53.6,4082104,3820723,261381,6.4
1979,Feb,57.2,53.6,4093813,3835543,258270,6.3
1979,Mar,57.1,53.6,4101708,3847359,254349,6.2
1979,Apr,57,53.5,4107701,3857117,250584,6.1
1979,May,56.9,53.4,4114563,3866770,247793,6
1979,Jun,56.8,53.4,4123188,3877029,246159,6
1979,Jul,56.7,53.4,4133934,3889195,244739,5.9
1979,Aug,56.7,53.3,4146610,3903766,242844,5.9
1979,Sep,56.6,53.4,4160344,3919911,240433,5.8
1979,Oct,56.6,53.4,4173810,3936833,236977,5.7
1979,Nov,56.5,53.4,4186531,3953754,232777,5.6
1979,Dec,56.5,53.4,4198924,3969198,229726,5.5
1980,Jan,56.4,53.3,4210270,3980580,229690,5.5
1980,Feb,56.3,53.2,4219406,3986257,233149,5.5
1980,Mar,56.2,53,4226343,3986769,239574,5.7
1980,Apr,56.1,52.8,4232383,3984610,247773,5.9
1980,May,56,52.6,4239330,3982923,256407,6
1980,Jun,55.9,52.5,4250168,3985850,264318,6.2
1980,Jul,55.9,52.4,4265523,3995287,270236,6.3
1980,Aug,56,52.4,4284306,4010715,273591,6.4
1980,Sep,56.1,52.5,4305153,4030260,274893,6.4
1980,Oct,56.2,52.6,4326666,4050961,275705,6.4
1980,Nov,56.3,52.7,4349575,4072794,276781,6.4
1980,Dec,56.5,52.9,4376671,4098700,277971,6.4
1981,Jan,56.7,53.1,4408535,4128788,279747,6.3
1981,Feb,57,53.3,4442632,4160211,282421,6.4
1981,Mar,57.2,53.6,4475884,4190659,285225,6.4
1981,Apr,57.4,53.7,4504086,4216609,287477,6.4
1981,May,57.5,53.8,4524184,4234939,289245,6.4
1981,Jun,57.4,53.7,4537022,4245616,291406,6.4
1981,Jul,57.4,53.6,4545626,4249835,295791,6.5
1981,Aug,57.3,53.5,4552729,4250198,302531,6.6
1981,Sep,57.3,53.4,4561017,4250202,310815,6.8
1981,Oct,57.3,53.3,4572837,4252585,320252,7
1981,Nov,57.3,53.2,4587058,4256573,330485,7.2
1981,Dec,57.4,53.1,4602989,4261667,341322,7.4
1982,Jan,57.4,53.1,4621396,4269730,351666,7.6
1982,Feb,57.6,53.1,4642574,4281331,361243,7.8
1982,Mar,57.7,53.1,4665084,4294860,370224,7.9
1982,Apr,57.8,53.2,4688572,4310056,378516,8.1
1982,May,58,53.2,4711937,4326136,385801,8.2
1982,Jun,58.1,53.3,4732809,4340368,392441,8.3
1982,Jul,58.2,53.3,4750574,4351124,399450,8.4
1982,Aug,58.2,53.2,4765999,4357862,408137,8.6
1982,Sep,58.2,53.1,4779399,4360268,419131,8.8
1982,Oct,58.2,53,4790414,4359011,431403,9
1982,Nov,58.2,52.8,4799330,4356458,442872,9.2
1982,Dec,58.1,52.7,4804475,4353657,450818,9.4
1983,Jan,58,52.5,4806797,4352322,454475,9.5
1983,Feb,57.9,52.5,4811180,4357241,453939,9.4
1983,Mar,57.9,52.5,4822130,4372088,450042,9.3
1983,Apr,58,52.7,4842860,4398475,444385,9.2
1983,May,58.2,53,4873123,4435089,438034,9
1983,Jun,58.5,53.4,4909574,4478643,430931,8.8
1983,Jul,58.9,53.8,4947630,4525209,422421,8.5
1983,Aug,59.1,54.2,4981875,4569638,412237,8.3
1983,Sep,59.3,54.5,5008601,4608320,400281,8
1983,Oct,59.3,54.8,5027166,4640444,386722,7.7
1983,Nov,59.3,54.9,5039641,4666724,372917,7.4
1983,Dec,59.3,55.1,5050684,4690064,360620,7.1
1984,Jan,59.3,55.2,5064473,4714506,349967,6.9
1984,Feb,59.4,55.4,5082280,4741478,340802,6.7
1984,Mar,59.5,55.6,5103312,4769522,333790,6.5
1984,Apr,59.6,55.8,5124734,4795757,328977,6.4
1984,May,59.7,55.9,5144839,4818463,326376,6.3
1984,Jun,59.7,56,5162203,4836803,325400,6.3
1984,Jul,59.7,56,5175887,4850814,325073,6.3
1984,Aug,59.7,56,5187732,4862686,325046,6.3
1984,Sep,59.7,56,5200303,4875136,325167,6.3
1984,Oct,59.7,56,5216132,4891078,325054,6.2
1984,Nov,59.8,56.1,5237341,4912691,324650,6.2
1984,Dec,60,56.3,5262687,4938703,323984,6.2
1985,Jan,60.1,56.4,5287331,4963787,323544,6.1
1985,Feb,60.2,56.5,5306382,4982635,323747,6.1
1985,Mar,60.2,56.5,5317656,4993518,324138,6.1
1985,Apr,60.1,56.4,5322271,4997882,324389,6.1
1985,May,60,56.3,5323389,4999020,324369,6.1
1985,Jun,59.8,56.2,5325080,5001341,323739,6.1
1985,Jul,59.7,56.1,5330416,5008120,322296,6
1985,Aug,59.7,56.2,5341594,5022212,319382,6
1985,Sep,59.8,56.3,5358773,5043444,315329,5.9
1985,Oct,59.9,56.4,5379940,5068370,311570,5.8
1985,Nov,60,56.6,5402174,5093131,309043,5.7
1985,Dec,60.1,56.7,5423608,5115075,308533,5.7
1986,Jan,60.2,56.7,5445124,5134526,310598,5.7
1986,Feb,60.3,56.8,5468761,5154089,314672,5.8
1986,Mar,60.4,56.9,5495022,5175740,319282,5.8
1986,Apr,60.6,57.1,5523419,5200285,323134,5.9
1986,May,60.8,57.2,5552663,5227208,325455,5.9
1986,Jun,61,57.4,5582265,5255586,326679,5.9
1986,Jul,61.2,57.6,5611622,5284285,327337,5.8
1986,Aug,61.3,57.7,5638832,5311110,327722,5.8
1986,Sep,61.4,57.9,5662822,5334942,327880,5.8
1986,Oct,61.5,58,5684194,5356396,327798,5.8
1986,Nov,61.6,58,5703078,5375664,327414,5.7
1986,Dec,61.6,58.1,5721916,5395551,326365,5.7
1987,Jan,61.7,58.2,5741724,5417583,324141,5.6
1987,Feb,61.8,58.3,5762017,5441213,320804,5.6
1987,Mar,61.8,58.5,5783688,5466553,317135,5.5
1987,Apr,61.9,58.6,5806469,5492981,313488,5.4
1987,May,62,58.7,5829436,5519464,309972,5.3
1987,Jun,62.1,58.9,5851628,5544714,306914,5.2
1987,Jul,62.2,59,5872944,5568142,304802,5.2
1987,Aug,62.3,59.1,5894086,5589921,304165,5.2
1987,Sep,62.4,59.2,5915859,5611170,304689,5.2
1987,Oct,62.5,59.3,5937408,5631624,305784,5.2
1987,Nov,62.6,59.4,5958287,5651434,306853,5.2
1987,Dec,62.7,59.4,5976792,5668999,307793,5.1
1988,Jan,62.7,59.5,5991482,5683304,308178,5.1
1988,Feb,62.7,59.5,6002867,5695192,307675,5.1
1988,Mar,62.7,59.5,6011087,5704687,306400,5.1
1988,Apr,62.6,59.4,6017900,5712872,305028,5.1
1988,May,62.6,59.4,6025697,5721503,304194,5
1988,Jun,62.5,59.4,6036287,5731943,304344,5
1988,Jul,62.6,59.4,6050327,5744565,305762,5.1
1988,Aug,62.6,59.4,6067411,5758678,308733,5.1
1988,Sep,62.7,59.5,6086434,5773281,313153,5.1
1988,Oct,62.8,59.5,6105757,5788029,317728,5.2
1988,Nov,62.8,59.5,6124035,5802480,321555,5.3
1988,Dec,62.9,59.5,6140063,5815616,324447,5.3
1989,Jan,62.9,59.6,6154514,5827427,327087,5.3
1989,Feb,62.9,59.5,6167773,5837274,330499,5.4
1989,Mar,62.9,59.5,6181208,5846542,334666,5.4
1989,Apr,62.9,59.5,6195415,5856276,339139,5.5
1989,May,63,59.5,6210110,5866481,343629,5.5
1989,Jun,63,59.5,6225307,5877415,347892,5.6
1989,Jul,63,59.5,6240543,5888927,351616,5.6
1989,Aug,63.1,59.5,6256379,5901911,354468,5.7
1989,Sep,63.1,59.5,6274065,5917542,356523,5.7
1989,Oct,63.2,59.6,6295683,5937336,358347,5.7
1989,Nov,63.3,59.7,6321170,5960660,360510,5.7
1989,Dec,63.5,59.9,6349625,5986289,363336,5.7
1990,Jan,62.4,58.8,6379104,6012545,366559,5.7
1990,Feb,62.6,59,6406451,6037024,369427,5.8
1990,Mar,62.8,59.2,6429132,6056901,372231,5.8
1990,Apr,63,59.4,6446148,6070381,375767,5.8
1990,May,63.1,59.4,6458777,6078592,380185,5.9
1990,Jun,63.2,59.4,6468195,6082589,385606,6
1990,Jul,63.3,59.5,6476949,6084271,392678,6.1
1990,Aug,63.2,59.3,6485727,6084488,401239,6.2
1990,Sep,63.2,59.2,6492712,6082100,410612,6.3
1990,Oct,63.1,59,6496409,6075884,420525,6.5
1990,Nov,62.9,58.8,6497875,6067750,430125,6.6
1990,Dec,62.8,58.5,6498557,6059465,439092,6.8
1991,Jan,62.7,58.3,6499530,6051031,448499,6.9
1991,Feb,62.6,58.2,6503303,6044430,458873,7.1
1991,Mar,62.5,58,6509319,6039921,469398,7.2
1991,Apr,62.4,57.9,6516320,6037635,478685,7.3
1991,May,62.4,57.7,6523977,6037693,486284,7.5
1991,Jun,62.3,57.6,6531524,6039639,491885,7.5
1991,Jul,62.2,57.5,6537530,6041752,495778,7.6
1991,Aug,62.2,57.4,6542562,6042786,499776,7.6
1991,Sep,62.1,57.3,6548927,6042751,506176,7.7
1991,Oct,62.1,57.2,6557473,6041455,516018,7.9
1991,Nov,62.1,57.1,6568219,6039676,528543,8
1991,Dec,62.2,57,6580212,6039035,541177,8.2
1992,Jan,62.2,57,6592991,6041801,551190,8.4
1992,Feb,62.2,57,6606363,6048784,557579,8.4
1992,Mar,62.3,57,6621640,6061140,560500,8.5
1992,Apr,62.4,57.1,6639323,6077805,561518,8.5
1992,May,62.4,57.2,6656141,6094738,561403,8.4
1992,Jun,62.5,57.2,6669464,6109353,560111,8.4
1992,Jul,62.4,57.2,6678803,6121462,557341,8.3
1992,Aug,62.4,57.2,6683343,6131325,552018,8.3
1992,Sep,62.3,57.2,6682982,6139294,543688,8.1
1992,Oct,62.1,57.2,6680312,6147458,532854,8
1992,Nov,62,57.2,6677143,6155768,521375,7.8
1992,Dec,61.9,57.2,6675929,6164898,511031,7.7
1993,Jan,61.9,57.2,6679597,6177038,502559,7.5
1993,Feb,61.9,57.3,6688766,6192668,496098,7.4
1993,Mar,61.9,57.4,6703371,6211911,491460,7.3
1993,Apr,62,57.5,6721312,6234020,487292,7.2
1993,May,62.1,57.6,6739840,6256501,483339,7.2
1993,Jun,62.1,57.7,6756852,6276595,480257,7.1
1993,Jul,62.2,57.8,6769578,6292228,477350,7.1
1993,Aug,62.1,57.8,6779077,6304465,474612,7
1993,Sep,62.1,57.8,6789508,6317133,472375,7
1993,Oct,62.1,57.8,6803359,6332081,471278,6.9
1993,Nov,62.2,57.9,6821359,6349287,472072,6.9
1993,Dec,62.3,58,6843187,6369020,474167,6.9
1994,Jan,62.4,58.1,6865821,6389922,475899,6.9
1994,Feb,62.5,58.1,6884889,6409472,475417,6.9
1994,Mar,62.5,58.2,6898052,6425898,472154,6.8
1994,Apr,62.5,58.2,6906739,6440050,466689,6.8
1994,May,62.4,58.3,6914985,6455191,459794,6.6
1994,Jun,62.4,58.3,6926352,6473911,452441,6.5
1994,Jul,62.5,58.5,6943167,6497563,445604,6.4
1994,Aug,62.5,58.6,6964069,6524669,439400,6.3
1994,Sep,62.6,58.7,6985415,6552643,432772,6.2
1994,Oct,62.7,58.9,7003963,6580107,423856,6.1
1994,Nov,62.7,59,7018794,6606438,412356,5.9
1994,Dec,62.7,59.1,7027968,6627758,400210,5.7
1995,Jan,62.6,59.1,7030505,6640570,389935,5.5
1995,Feb,62.5,59.1,7029552,6646235,383317,5.5
1995,Mar,62.4,59,7027919,6647001,380918,5.4
1995,Apr,62.3,58.9,7027097,6644963,382134,5.4
1995,May,62.2,58.8,7029365,6643612,385753,5.5
1995,Jun,62.1,58.7,7035498,6645518,389980,5.5
1995,Jul,62.1,58.6,7044713,6651054,393659,5.6
1995,Aug,62.1,58.6,7054662,6658902,395760,5.6
1995,Sep,62,58.6,7063035,6667219,395816,5.6
1995,Oct,62,58.5,7069141,6674603,394538,5.6
1995,Nov,61.9,58.5,7072625,6681065,391560,5.5
1995,Dec,61.8,58.4,7075076,6687884,387192,5.5
1996,Jan,61.8,58.4,7079505,6697131,382374,5.4
1996,Feb,61.7,58.4,7087634,6709463,378171,5.3
1996,Mar,61.7,58.5,7100222,6725047,375175,5.3
1996,Apr,61.8,58.5,7116787,6743715,373072,5.2
1996,May,61.8,58.6,7136131,6764935,371196,5.2
1996,Jun,61.9,58.7,7157364,6788180,369184,5.2
1996,Jul,62,58.8,7180065,6813031,367034,5.1
1996,Aug,62.1,58.9,7203603,6838271,365332,5.1
1996,Sep,62.1,59,7225042,6860391,364651,5
1996,Oct,62.2,59,7241649,6876583,365066,5
1996,Nov,62.1,59,7253775,6887385,366390,5.1
1996,Dec,62.1,59,7263935,6896342,367593,5.1
1997,Jan,62.1,59,7274764,6906780,367984,5.1
1997,Feb,62.1,59,7288426,6921305,367121,5
1997,Mar,62.2,59.1,7306706,6942087,364619,5
1997,Apr,62.3,59.2,7329934,6968355,361579,4.9
1997,May,62.4,59.3,7353959,6995619,358340,4.9
1997,Jun,62.5,59.4,7374788,7020262,354526,4.8
1997,Jul,62.5,59.5,7391349,7041164,350185,4.7
1997,Aug,62.5,59.6,7404058,7058020,346038,4.7
1997,Sep,62.4,59.6,7414542,7072055,342487,4.6
1997,Oct,62.4,59.6,7424421,7084149,340272,4.6
1997,Nov,62.4,59.5,7433797,7094462,339335,4.6
1997,Dec,62.4,59.5,7443445,7104623,338822,4.6
1998,Jan,62.4,59.5,7453805,7115959,337846,4.5
1998,Feb,62.4,59.6,7464967,7128926,336041,4.5
1998,Mar,62.4,59.6,7475480,7142068,333412,4.5
1998,Apr,62.3,59.6,7485300,7155404,329896,4.4
1998,May,62.3,59.6,7496435,7169854,326581,4.4
1998,Jun,62.3,59.6,7509764,7185090,324674,4.3
1998,Jul,62.4,59.7,7524598,7200771,323827,4.3
1998,Aug,62.4,59.7,7540917,7218280,322637,4.3
1998,Sep,62.4,59.8,7558590,7237843,320747,4.2
1998,Oct,62.5,59.9,7576163,7258464,317699,4.2
1998,Nov,62.5,59.9,7591256,7277353,313903,4.1
1998,Dec,62.5,59.9,7602301,7291586,310715,4.1
1999,Jan,62.5,59.9,7609546,7301446,308100,4
1999,Feb,62.4,59.9,7615200,7309229,305971,4
1999,Mar,62.4,59.9,7621791,7317572,304219,4
1999,Apr,62.4,59.9,7630018,7327514,302504,4
1999,May,62.4,59.9,7638792,7338371,300421,3.9
1999,Jun,62.3,59.9,7648071,7349873,298198,3.9
1999,Jul,62.3,59.9,7657318,7360995,296323,3.9
1999,Aug,62.3,59.9,7666794,7372093,294701,3.8
1999,Sep,62.3,59.9,7678355,7385485,292870,3.8
1999,Oct,62.3,59.9,7693788,7402899,290889,3.8
1999,Nov,62.4,60,7715006,7426287,288719,3.7
1999,Dec,62.5,60.2,7740561,7454176,286385,3.7
2000,Jan,62.6,60.3,7766891,7481891,285000,3.7
2000,Feb,62.7,60.4,7789735,7504692,285043,3.7
2000,Mar,62.8,60.4,7807619,7520983,286636,3.7
2000,Apr,62.9,60.6,7821650,7531975,289675,3.7
2000,May,62.9,60.6,7833369,7540303,293066,3.7
2000,Jun,62.9,60.5,7843623,7548177,295446,3.8
2000,Jul,62.9,60.5,7854270,7558468,295802,3.8
2000,Aug,62.9,60.6,7868460,7574015,294445,3.7
2000,Sep,62.9,60.6,7887105,7594909,292196,3.7
2000,Oct,63,60.7,7910710,7620312,290398,3.7
2000,Nov,63.1,60.8,7938329,7646952,291377,3.7
2000,Dec,63.3,60.9,7967452,7671059,296393,3.7
2001,Jan,63.4,61,7994604,7689913,304691,3.8
2001,Feb,63.5,61,8016913,7702522,314391,3.9
2001,Mar,63.5,60.9,8031769,7708219,323550,4
2001,Apr,63.4,60.8,8038229,7707425,330804,4.1
2001,May,63.3,60.7,8040603,7703868,336735,4.2
2001,Jun,63.3,60.6,8043285,7700031,343254,4.3
2001,Jul,63.2,60.4,8049913,7697332,352581,4.4
2001,Aug,63.2,60.3,8059278,7693587,365691,4.5
2001,Sep,63.1,60.1,8069917,7688500,381417,4.7
2001,Oct,62.8,59.1,8040672,7576046,464626,5.8
2001,Nov,62.7,59,8049668,7572928,476740,5.9
2001,Dec,62.7,58.9,8057010,7573724,483286,6
2002,Jan,62.6,58.9,8063779,7579800,483979,6
2002,Feb,62.6,58.9,8069997,7589859,480138,5.9
2002,Mar,62.5,58.9,8076223,7602078,474145,5.9
2002,Apr,62.5,58.9,8085225,7617229,467996,5.8
2002,May,62.5,58.9,8098095,7635413,462682,5.7
2002,Jun,62.5,59,8113558,7655811,457747,5.6
2002,Jul,62.5,59,8128237,7675185,453052,5.6
2002,Aug,62.5,59,8140435,7691633,448802,5.5
2002,Sep,62.4,59,8149610,7703939,445671,5.5
2002,Oct,62.4,59,8154198,7710618,443580,5.4
2002,Nov,62.3,58.9,8155967,7714237,441730,5.4
2002,Dec,62.2,58.8,8156648,7717089,439559,5.4
2003,Jan,62.1,58.8,8159615,7721738,437877,5.4
2003,Feb,62.1,58.8,8167366,7730209,437157,5.4
2003,Mar,62.1,58.8,8178441,7741149,437292,5.3
2003,Apr,62.1,58.8,8188639,7750256,438383,5.4
2003,May,62.1,58.7,8194829,7754900,439929,5.4
2003,Jun,62,58.7,8199016,7758422,440594,5.4
2003,Jul,61.9,58.6,8203690,7765419,438271,5.3
2003,Aug,61.9,58.6,8210648,7778726,431922,5.3
2003,Sep,61.8,58.6,8222068,7799924,422144,5.1
2003,Oct,61.8,58.7,8239638,7828094,411544,5
2003,Nov,61.8,58.8,8262814,7859796,403018,4.9
2003,Dec,61.9,58.9,8288783,7890962,397821,4.8
2004,Jan,62,59,8313878,7918181,395697,4.8
2004,Feb,62.1,59.1,8336963,7941115,395848,4.7
2004,Mar,62.1,59.2,8359733,7962806,396927,4.7
2004,Apr,62.2,59.2,8382022,7985075,396947,4.7
2004,May,62.2,59.3,8403495,8008005,395490,4.7
2004,Jun,62.2,59.3,8424546,8031532,393014,4.7
2004,Jul,62.3,59.4,8446753,8056339,390414,4.6
2004,Aug,62.3,59.4,8470464,8082449,388015,4.6
2004,Sep,62.3,59.5,8494058,8108360,385698,4.5
2004,Oct,62.3,59.5,8516037,8132995,383042,4.5
2004,Nov,62.4,59.6,8536214,8156963,379251,4.4
2004,Dec,62.4,59.7,8556921,8182617,374304,4.4
2005,Jan,62.4,59.7,8579371,8211674,367697,4.3
2005,Feb,62.5,59.9,8603022,8243788,359234,4.2
2005,Mar,62.5,60,8628448,8279298,349150,4
2005,Apr,62.6,60.2,8657368,8319078,338290,3.9
2005,May,62.7,60.4,8689618,8362493,327125,3.8
2005,Jun,62.8,60.5,8722052,8404767,317285,3.6
2005,Jul,62.9,60.7,8750988,8440635,310353,3.5
2005,Aug,63,60.8,8774258,8468400,305858,3.5
2005,Sep,63,60.8,8792094,8489557,302537,3.4
2005,Oct,62.9,60.8,8806801,8508014,298787,3.4
2005,Nov,62.9,60.8,8820710,8526523,294187,3.3
2005,Dec,62.9,60.9,8835349,8546237,289112,3.3
2006,Jan,62.9,60.9,8853722,8569326,284396,3.2
2006,Feb,63,61,8877120,8596033,281087,3.2
2006,Mar,63.1,61.2,8904294,8624006,280288,3.1
2006,Apr,63.3,61.3,8933122,8650813,282309,3.2
2006,May,63.4,61.4,8961699,8675890,285809,3.2
2006,Jun,63.5,61.4,8988404,8699193,289211,3.2
2006,Jul,63.6,61.5,9014400,8722861,291539,3.2
2006,Aug,63.7,61.6,9041424,8747537,293887,3.3
2006,Sep,63.8,61.7,9068807,8771654,297153,3.3
2006,Oct,63.9,61.8,9095415,8794437,300978,3.3
2006,Nov,64,61.9,9119319,8814010,305309,3.3
2006,Dec,64.1,61.9,9137262,8827342,309920,3.4
2007,Jan,64.1,61.9,9147556,8832507,315049,3.4
2007,Feb,64.1,61.8,9151999,8830833,321166,3.5
2007,Mar,64,61.7,9151861,8823838,328023,3.6
2007,Apr,64,61.6,9149170,8813495,335675,3.7
2007,May,63.9,61.5,9146329,8801414,344915,3.8
2007,Jun,63.8,61.3,9145207,8789593,355614,3.9
2007,Jul,63.8,61.2,9146699,8779207,367492,4
2007,Aug,63.7,61.1,9151797,8771323,380474,4.2
2007,Sep,63.7,61,9160898,8767241,393657,4.3
2007,Oct,63.8,60.9,9171937,8765116,406821,4.4
2007,Nov,63.8,60.9,9182915,8763760,419155,4.6
2007,Dec,63.8,60.8,9192972,8762145,430827,4.7
2008,Jan,63.8,60.7,9199886,8756660,443226,4.8
2008,Feb,63.8,60.6,9203053,8745579,457474,5
2008,Mar,63.7,60.5,9204905,8729340,475565,5.2
2008,Apr,63.7,60.3,9207367,8708931,498436,5.4
2008,May,63.7,60.1,9211977,8686535,525442,5.7
2008,Jun,63.7,59.9,9219484,8664403,555081,6
2008,Jul,63.7,59.7,9227693,8642421,585272,6.3
2008,Aug,63.7,59.5,9233153,8618353,614800,6.7
2008,Sep,63.7,59.2,9233547,8588046,645501,7
2008,Oct,63.6,58.9,9228005,8547770,680235,7.4
2008,Nov,63.5,58.5,9215819,8495651,720168,7.8
2008,Dec,63.3,58,9198113,8433606,764507,8.3
2009,Jan,63.1,57.5,9177322,8366455,810867,8.8
2009,Feb,62.9,57.1,9156984,8301270,855714,9.3
2009,Mar,62.8,56.7,9140524,8246345,894179,9.8
2009,Apr,62.7,56.4,9128564,8205183,923381,10.1
2009,May,62.6,56.1,9117789,8173684,944105,10.4
2009,Jun,62.5,55.9,9105647,8147015,958632,10.5
2009,Jul,62.3,55.7,9090250,8120618,969632,10.7
2009,Aug,62.1,55.4,9071632,8092253,979379,10.8
2009,Sep,61.9,55.2,9053826,8064822,989004,10.9
2009,Oct,61.8,55,9041413,8042732,998681,11
2009,Nov,61.7,54.8,9041529,8032541,1008988,11.2
2009,Dec,61.8,54.8,9057975,8039270,1018705,11.2
2010,Jan,61.9,55,9087605,8063166,1024439,11.3
2010,Feb,62.1,55.2,9121821,8097244,1024577,11.2
2010,Mar,62.3,55.4,9153821,8133092,1020729,11.2
2010,Apr,61.4,54.6,9181288,8165997,1015291,11.1
2010,May,61.5,54.7,9203212,8193577,1009635,11
2010,Jun,61.5,54.8,9219282,8212566,1006716,10.9
2010,Jul,61.5,54.8,9232148,8223052,1009096,10.9
2010,Aug,61.5,54.8,9244915,8229564,1015351,11
2010,Sep,61.5,54.7,9256982,8235424,1021558,11
2010,Oct,61.5,54.7,9268067,8244529,1023538,11
2010,Nov,61.5,54.8,9276191,8257764,1018427,11
2010,Dec,61.5,54.8,9280528,8273961,1006567,10.8
2011,Jan,61.4,54.9,9283526,8292155,991371,10.7
2011,Feb,61.4,54.9,9285256,8308758,976498,10.5
2011,Mar,61.3,54.9,9284110,8320238,963872,10.4
2011,Apr,61.2,54.9,9280607,8325905,954702,10.3
2011,May,61.1,54.9,9278592,8329364,949228,10.2
2011,Jun,61.1,54.9,9280695,8336498,944197,10.2
2011,Jul,61.1,54.9,9288470,8352288,936182,10.1
2011,Aug,61.1,55,9300806,8376656,924150,9.9
2011,Sep,61.1,55.1,9314616,8406567,908049,9.7
2011,Oct,61.1,55.2,9326979,8437925,889054,9.5
2011,Nov,61,55.4,9334508,8465438,869070,9.3
2011,Dec,61,55.4,9336389,8486105,850284,9.1
2012,Jan,60.9,55.4,9335794,8501196,834598,8.9
2012,Feb,60.8,55.5,9337939,8514717,823222,8.8
2012,Mar,60.8,55.5,9343664,8527026,816638,8.7
2012,Apr,60.8,55.5,9351008,8537711,813297,8.7
2012,May,60.8,55.5,9360799,8550238,810561,8.7
2012,Jun,60.8,55.6,9373314,8567330,805984,8.6
2012,Jul,60.8,55.6,9387003,8589132,797871,8.5
2012,Aug,60.8,55.7,9401895,8614461,787434,8.4
2012,Sep,60.8,55.8,9418399,8640972,777427,8.3
2012,Oct,60.8,55.9,9432438,8663920,768518,8.1
2012,Nov,60.8,55.9,9441024,8680395,760629,8.1
2012,Dec,60.7,55.9,9443197,8690289,752908,8
2013,Jan,60.6,55.8,9432835,8691192,741643,7.9
2013,Feb,60.5,55.8,9428334,8696035,732299,7.8
2013,Mar,60.5,55.8,9428809,8707601,721208,7.6
2013,Apr,60.5,55.9,9438181,8729119,709062,7.5
2013,May,60.5,56,9451917,8754618,697299,7.4
2013,Jun,60.5,56.1,9464347,8777249,687098,7.3
2013,Jul,60.4,56.1,9471902,8793877,678025,7.2
2013,Aug,60.4,56.1,9472085,8804454,667631,7
2013,Sep,60.2,56.1,9467499,8812072,655427,6.9
2013,Oct,60.1,56,9466257,8821673,644584,6.8
2013,Nov,60.1,56,9474475,8837186,637289,6.7
2013,Dec,60.1,56.1,9492133,8858395,633738,6.7
2014,Jan,60.1,56.1,9507295,8876713,630582,6.6
2014,Feb,60.2,56.2,9530587,8901874,628713,6.6
2014,Mar,60.2,56.3,9548725,8922770,625955,6.6
2014,Apr,60.2,56.3,9558358,8937039,621319,6.5
2014,May,60.1,56.3,9562152,8947972,614180,6.4
2014,Jun,60.1,56.3,9566095,8960512,605583,6.3
2014,Jul,60,56.3,9572055,8974837,597218,6.2
2014,Aug,60,56.3,9581024,8990701,590323,6.2
2014,Sep,59.9,56.3,9590936,9006338,584598,6.1
2014,Oct,59.9,56.3,9596758,9018580,578178,6
2014,Nov,59.7,56.2,9595288,9025213,570075,5.9
2014,Dec,59.6,56.1,9589346,9027644,561702,5.9
2015,Jan,59.4,56,9569905,9016407,553498,5.8
2015,Feb,59.3,55.9,9565203,9017363,547840,5.7
2015,Mar,59.2,55.8,9565556,9022257,543299,5.7
2015,Apr,59.1,55.8,9570756,9032096,538660,5.6
2015,May,59.1,55.8,9577677,9044418,533259,5.6
2015,Jun,59,55.8,9583120,9056301,526819,5.5
2015,Jul,58.9,55.8,9587977,9067857,520120,5.4
2015,Aug,58.9,55.7,9594182,9080367,513815,5.4
2015,Sep,58.8,55.7,9603770,9096410,507360,5.3
2015,Oct,58.8,55.7,9620273,9119357,500916,5.2
2015,Nov,58.8,55.8,9643903,9148790,495113,5.1
2015,Dec,58.9,55.9,9669925,9180636,489289,5.1
2016,Jan,58.9,56,9693636,9210489,483147,5
2016,Feb,58.9,56.1,9712896,9235561,477335,4.9
2016,Mar,58.9,56.1,9727593,9255436,472157,4.9
2016,Apr,58.9,56.1,9740951,9272309,468642,4.8
2016,May,58.9,56.1,9757831,9290270,467561,4.8
2016,Jun,58.9,56.1,9780140,9311839,468301,4.8
2016,Jul,59,56.2,9807134,9337571,469563,4.8
2016,Aug,59.1,56.3,9836968,9366121,470847,4.8
2016,Sep,59.2,56.3,9867303,9395114,472189,4.8
2016,Oct,59.2,56.4,9895233,9423034,472199,4.8
2016,Nov,59.3,56.5,9921043,9451798,469245,4.7
2016,Dec,59.3,56.6,9946734,9483247,463487,4.7
2017,Jan,59.4,56.7,9973240,9517115,456125,4.6
2017,Feb,59.5,56.8,10000028,9552058,447970,4.5
2017,Mar,59.5,56.9,10024862,9584532,440330,4.4
2017,Apr,59.6,57,10046850,9613039,433811,4.3
2017,May,59.6,57.1,10064912,9636809,428103,4.3
2017,Jun,59.6,57.1,10078216,9654802,423414,4.2
2017,Jul,59.6,57.1,10087485,9667659,419826,4.2
2017,Aug,59.5,57,10092485,9676162,416323,4.1
2017,Sep,59.4,57,10094477,9682213,412264,4.1
2017,Oct,59.4,57,10095930,9688120,407810,4
2017,Nov,59.3,56.9,10097965,9694399,403566,4
2017,Dec,59.2,56.9,10102103,9702948,399155,4
2018,Jan,59.2,56.9,10110173,9715663,394510,3.9
2018,Feb,59.2,56.9,10123101,9733243,389858,3.9
2018,Mar,59.3,57,10138504,9753654,384850,3.8
2018,Apr,59.3,57,10150992,9772198,378794,3.7
2018,May,59.2,57.1,10158287,9786582,371705,3.7
2018,Jun,59.2,57.1,10162862,9798986,363876,3.6
2018,Jul,59.1,57.1,10167793,9811796,355997,3.5
2018,Aug,59.1,57.1,10177203,9827109,350094,3.4
2018,Sep,59.1,57.1,10192858,9845567,347291,3.4
2018,Oct,59.2,57.2,10213136,9865690,347446,3.4
2018,Nov,59.2,57.2,10234393,9885052,349341,3.4
2018,Dec,59.3,57.3,10251451,9900101,351350,3.4
2019,Jan,59.3,57.2,10260524,9908830,351694,3.4
2019,Feb,59.2,57.2,10261124,9912103,349021,3.4
2019,Mar,59.2,57.2,10259007,9915067,343940,3.4
2019,Apr,59.1,57.2,10262056,9924507,337549,3.3
2019,May,59.1,57.2,10274886,9943938,330948,3.2
2019,Jun,59.2,57.3,10298460,9973583,324877,3.2
2019,Jul,59.3,57.5,10333418,10015016,318402,3.1
2019,Aug,59.5,57.7,10370434,10059338,311096,3
2019,Sep,59.6,57.8,10402699,10098918,303781,2.9
2019,Oct,59.6,57.9,10423379,10125431,297948,2.9
2019,Nov,59.5,57.8,10423269,10126546,296723,2.8
2019,Dec,59.4,57.8,10419034,10121594,297440,2.9
2020,Jan,59.5,57.8,10440312,10148929,291383,2.8
2020,Feb,59.5,57.9,10455399,10164675,290724,2.8
2020,Mar,58.8,56.1,10331185,9873877,457308,4.4
2020,Apr,53.8,46.4,9472243,8166411,1305832,13.8
2020,May,54.6,47.1,9627360,8308051,1319309,13.7
2020,Jun,55.3,49.6,9751928,8748605,1003323,10.3
2020,Jul,56.6,50.1,9994978,8858108,1136870,11.4
2020,Aug,57.3,53.1,10144626,9401938,742688,7.3
2020,Sep,57.2,52.9,10143475,9373616,769859,7.6
