Year,Period,labor force participation rate,employment-population ratio,labor force,employment,unemployment,unemployment rate
1976,Jan,63.1,59.7,366173,346216,19957,5.5
1976,Feb,62.9,59.4,365886,345965,19921,5.4
1976,Mar,62.8,59.4,366000,346021,19979,5.5
1976,Apr,62.8,59.3,367439,347164,20275,5.5
1976,May,62.9,59.4,369500,348876,20624,5.6
1976,Jun,63.3,59.7,371921,350995,20926,5.6
1976,Jul,63.4,59.9,374265,353139,21126,5.6
1976,Aug,63.6,60,376375,355153,21222,5.6
1976,Sep,63.7,60.1,378402,357094,21308,5.6
1976,Oct,63.9,60.3,380331,358882,21449,5.6
1976,Nov,64,60.4,382213,360540,21673,5.7
1976,Dec,64.1,60.5,384086,362126,21960,5.7
1977,Jan,64.2,60.5,385903,363669,22234,5.8
1977,Feb,64.3,60.6,387656,365219,22437,5.8
1977,Mar,64.4,60.6,389446,366823,22623,5.8
1977,Apr,64.6,60.8,391428,368592,22836,5.8
1977,May,64.8,61,393705,370629,23076,5.9
1977,Jun,65,61.1,396257,372942,23315,5.9
1977,Jul,65.2,61.4,399010,375497,23513,5.9
1977,Aug,65.4,61.6,401765,378170,23595,5.9
1977,Sep,65.6,61.8,404265,380804,23461,5.8
1977,Oct,65.9,62.1,406300,383195,23105,5.7
1977,Nov,65.9,62.2,407826,385228,22598,5.5
1977,Dec,65.9,62.3,408987,386938,22049,5.4
1978,Jan,65.8,62.4,410091,388522,21569,5.3
1978,Feb,65.9,62.5,411338,390114,21224,5.2
1978,Mar,65.9,62.6,412777,391706,21071,5.1
1978,Apr,66,62.6,414430,393255,21175,5.1
1978,May,66.1,62.6,416175,394650,21525,5.2
1978,Jun,66.2,62.7,417716,395686,22030,5.3
1978,Jul,66.2,62.6,418858,396237,22621,5.4
1978,Aug,66.2,62.5,419591,396355,23236,5.5
1978,Sep,66.1,62.3,420079,396226,23853,5.7
1978,Oct,66,62.2,420602,396151,24451,5.8
1978,Nov,66,62.1,421342,396348,24994,5.9
1978,Dec,66,62,422337,396893,25444,6
1979,Jan,66.1,62.1,423600,397894,25706,6.1
1979,Feb,66.2,62.2,424994,399311,25683,6
1979,Mar,66.2,62.3,426263,400930,25333,5.9
1979,Apr,66.2,62.4,427235,402477,24758,5.8
1979,May,66.2,62.5,427931,403760,24171,5.6
1979,Jun,66.1,62.5,428588,404819,23769,5.5
1979,Jul,66.2,62.5,429441,405769,23672,5.5
1979,Aug,66.2,62.6,430531,406606,23925,5.6
1979,Sep,66.3,62.6,431788,407317,24471,5.7
1979,Oct,66.4,62.6,433005,407833,25172,5.8
1979,Nov,66.4,62.5,433911,407969,25942,6
1979,Dec,66.4,62.3,434295,407475,26820,6.2
1980,Jan,66.3,62,433983,406044,27939,6.4
1980,Feb,66.1,61.6,433076,403713,29363,6.8
1980,Mar,65.8,61.1,431850,400871,30979,7.2
1980,Apr,65.5,60.6,430482,397941,32541,7.6
1980,May,65.2,60.1,429129,395352,33777,7.9
1980,Jun,64.9,59.7,427930,393420,34510,8.1
1980,Jul,64.7,59.4,426943,392269,34674,8.1
1980,Aug,64.5,59.3,426298,391989,34309,8
1980,Sep,64.4,59.3,426049,392502,33547,7.9
1980,Oct,64.3,59.4,426192,393577,32615,7.7
1980,Nov,64.3,59.5,426722,394996,31726,7.4
1980,Dec,64.4,59.7,427580,396599,30981,7.2
1981,Jan,64.4,59.9,428559,398119,30440,7.1
1981,Feb,64.5,59.9,429449,399235,30214,7
1981,Mar,64.5,59.9,430084,399759,30325,7.1
1981,Apr,64.4,59.8,430409,399678,30731,7.1
1981,May,64.3,59.7,430438,399080,31358,7.3
1981,Jun,64.2,59.4,430254,398136,32118,7.5
1981,Jul,64.1,59.2,430010,397071,32939,7.7
1981,Aug,64,58.9,429867,396016,33851,7.9
1981,Sep,63.9,58.7,430040,395025,35015,8.1
1981,Oct,64,58.6,430638,394161,36477,8.5
1981,Nov,64,58.4,431626,393478,38148,8.8
1981,Dec,64.1,58.2,432974,393063,39911,9.2
1982,Jan,64.3,58.1,434651,393071,41580,9.6
1982,Feb,64.6,58.2,436464,393579,42885,9.8
1982,Mar,64.7,58.3,438175,394501,43674,10
1982,Apr,64.9,58.4,439708,395796,43912,10
1982,May,65,58.5,441085,397341,43744,9.9
1982,Jun,65.2,58.7,442388,398904,43484,9.8
1982,Jul,65.2,58.9,443689,400280,43409,9.8
1982,Aug,65.3,58.9,444992,401328,43664,9.8
1982,Sep,65.4,59,446210,402043,44167,9.9
1982,Oct,65.6,59,447297,402497,44800,10
1982,Nov,65.6,59,448262,402866,45396,10.1
1982,Dec,65.6,59,448941,403313,45628,10.2
1983,Jan,65.6,59,449324,404026,45298,10.1
1983,Feb,65.5,59.1,449604,405146,44458,9.9
1983,Mar,65.5,59.2,449996,406611,43385,9.6
1983,Apr,65.6,59.4,450628,408268,42360,9.4
1983,May,65.6,59.6,451519,410011,41508,9.2
1983,Jun,65.7,59.8,452651,411856,40795,9
1983,Jul,65.8,60,454012,413819,40193,8.9
1983,Aug,65.9,60.2,455482,415893,39589,8.7
1983,Sep,66,60.4,456908,418075,38833,8.5
1983,Oct,66.1,60.7,458131,420313,37818,8.3
1983,Nov,66.1,60.9,459010,422437,36573,8
1983,Dec,66.1,61,459609,424265,35344,7.7
1984,Jan,66.2,61.3,460044,425694,34350,7.5
1984,Feb,66.1,61.3,460398,426729,33669,7.3
1984,Mar,66.1,61.3,460799,427515,33284,7.2
1984,Apr,66.1,61.3,461310,428149,33161,7.2
1984,May,66.1,61.3,461988,428715,33273,7.2
1984,Jun,66.1,61.3,462764,429230,33534,7.2
1984,Jul,66.1,61.3,463466,429637,33829,7.3
1984,Aug,66.2,61.3,463982,429926,34056,7.3
1984,Sep,66.2,61.4,464279,430078,34201,7.4
1984,Oct,66.3,61.4,464424,430125,34299,7.4
1984,Nov,66.4,61.5,464612,430170,34442,7.4
1984,Dec,66.4,61.5,464983,430283,34700,7.5
1985,Jan,66.5,61.5,465490,430425,35065,7.5
1985,Feb,66.6,61.5,466047,430488,35559,7.6
1985,Mar,66.7,61.5,466556,430451,36105,7.7
1985,Apr,66.7,61.5,466894,430329,36565,7.8
1985,May,66.8,61.5,467002,430155,36847,7.9
1985,Jun,66.8,61.5,466911,429982,36929,7.9
1985,Jul,66.8,61.5,466665,429805,36860,7.9
1985,Aug,66.6,61.4,466442,429615,36827,7.9
1985,Sep,66.5,61.3,466436,429433,37003,7.9
1985,Oct,66.6,61.2,466721,429326,37395,8
1985,Nov,66.6,61.2,467234,429374,37860,8.1
1985,Dec,66.6,61.1,467869,429603,38266,8.2
1986,Jan,66.6,61.1,468618,430002,38616,8.2
1986,Feb,66.7,61.2,469461,430576,38885,8.3
1986,Mar,66.7,61.2,470342,431229,39113,8.3
1986,Apr,66.8,61.2,471258,431831,39427,8.4
1986,May,66.8,61.1,472109,432274,39835,8.4
1986,Jun,66.9,61.2,472785,432479,40306,8.5
1986,Jul,66.8,61.1,473288,432581,40707,8.6
1986,Aug,66.9,61.1,473482,432613,40869,8.6
1986,Sep,66.7,61,473197,432492,40705,8.6
1986,Oct,66.6,61,472474,432182,40292,8.5
1986,Nov,66.5,60.9,471506,431696,39810,8.4
1986,Dec,66.4,60.8,470594,431241,39353,8.4
1987,Jan,66.2,60.7,469937,431044,38893,8.3
1987,Feb,66.1,60.7,469640,431226,38414,8.2
1987,Mar,66.2,60.8,469758,431843,37915,8.1
1987,Apr,66.2,61,470188,432835,37353,7.9
1987,May,66.2,61,470782,434022,36760,7.8
1987,Jun,66.3,61.2,471343,435194,36149,7.7
1987,Jul,66.3,61.3,471677,436111,35566,7.5
1987,Aug,66.3,61.4,471741,436720,35021,7.4
1987,Sep,66.2,61.4,471651,437213,34438,7.3
1987,Oct,66.2,61.5,471507,437707,33800,7.2
1987,Nov,66.1,61.5,471404,438316,33088,7
1987,Dec,66.1,61.6,471445,439107,32338,6.9
1988,Jan,66.2,61.7,471771,440128,31643,6.7
1988,Feb,66.2,61.8,472459,441445,31014,6.6
1988,Mar,66.3,62.1,473485,443065,30420,6.4
1988,Apr,66.4,62.2,474812,444957,29855,6.3
1988,May,66.6,62.5,476370,447024,29346,6.2
1988,Jun,66.8,62.7,478063,449162,28901,6
1988,Jul,67,63,479808,451307,28501,5.9
1988,Aug,67.2,63.2,481552,453432,28120,5.8
1988,Sep,67.3,63.4,483292,455491,27801,5.8
1988,Oct,67.5,63.7,484997,457469,27528,5.7
1988,Nov,67.7,63.9,486565,459311,27254,5.6
1988,Dec,67.8,64,487864,460887,26977,5.5
1989,Jan,67.8,64.1,488777,462088,26689,5.5
1989,Feb,67.8,64.1,489220,462815,26405,5.4
1989,Mar,67.7,64,489206,463056,26150,5.3
1989,Apr,67.6,64,488856,462933,25923,5.3
1989,May,67.5,63.9,488381,462650,25731,5.3
1989,Jun,67.3,63.8,488054,462441,25613,5.2
1989,Jul,67.2,63.7,488098,462492,25606,5.2
1989,Aug,67.2,63.7,488611,462928,25683,5.3
1989,Sep,67.2,63.7,489513,463760,25753,5.3
1989,Oct,67.3,63.8,490651,464909,25742,5.2
1989,Nov,67.4,63.9,491843,466170,25673,5.2
1989,Dec,67.5,64,492845,467251,25594,5.2
1990,Jan,68.2,64.7,493461,467890,25571,5.2
1990,Feb,68.2,64.6,493645,467899,25746,5.2
1990,Mar,68.1,64.5,493389,467246,26143,5.3
1990,Apr,68,64.3,492735,466100,26635,5.4
1990,May,67.8,64,491878,464808,27070,5.5
1990,Jun,67.6,63.9,491052,463705,27347,5.6
1990,Jul,67.5,63.7,490505,463052,27453,5.6
1990,Aug,67.3,63.5,490469,462957,27512,5.6
1990,Sep,67.2,63.4,491053,463346,27707,5.6
1990,Oct,67.1,63.2,492239,464081,28158,5.7
1990,Nov,67.1,63.2,493914,465061,28853,5.8
1990,Dec,67.2,63.2,495896,466208,29688,6
1991,Jan,67.3,63.2,497949,467468,30481,6.1
1991,Feb,67.4,63.2,499927,468887,31040,6.2
1991,Mar,67.4,63.2,501805,470498,31307,6.2
1991,Apr,67.4,63.2,503652,472261,31391,6.2
1991,May,67.5,63.3,505494,474129,31365,6.2
1991,Jun,67.6,63.4,507333,476055,31278,6.2
1991,Jul,67.6,63.5,509164,477902,31262,6.1
1991,Aug,67.7,63.5,510941,479569,31372,6.1
1991,Sep,67.7,63.5,512653,481050,31603,6.2
1991,Oct,67.8,63.6,514293,482365,31928,6.2
1991,Nov,67.8,63.6,515947,483640,32307,6.3
1991,Dec,67.9,63.6,517722,485064,32658,6.3
1992,Jan,68,63.7,519702,486778,32924,6.3
1992,Feb,68.1,63.8,521912,488830,33082,6.3
1992,Mar,68.3,64,524379,491204,33175,6.3
1992,Apr,68.4,64.1,527002,493683,33319,6.3
1992,May,68.6,64.2,529576,495972,33604,6.3
1992,Jun,68.8,64.4,531958,497900,34058,6.4
1992,Jul,68.9,64.4,533967,499469,34498,6.5
1992,Aug,68.8,64.4,535494,500753,34741,6.5
1992,Sep,68.8,64.3,536543,501841,34702,6.5
1992,Oct,68.6,64.2,537221,502826,34395,6.4
1992,Nov,68.5,64.2,537643,503671,33972,6.3
1992,Dec,68.3,64,538030,504425,33605,6.2
1993,Jan,68.2,64,538706,505240,33466,6.2
1993,Feb,68.2,63.9,539902,506329,33573,6.2
1993,Mar,68.1,63.9,541791,507998,33793,6.2
1993,Apr,68.3,64.1,544458,510532,33926,6.2
1993,May,68.6,64.3,547842,513956,33886,6.2
1993,Jun,68.8,64.6,551628,517989,33639,6.1
1993,Jul,69.1,65,555494,522243,33251,6
1993,Aug,69.4,65.3,559252,526373,32879,5.9
1993,Sep,69.6,65.5,562798,530213,32585,5.8
1993,Oct,69.8,65.8,566156,533796,32360,5.7
1993,Nov,70,66,569424,537287,32137,5.6
1993,Dec,70.2,66.3,572712,540829,31883,5.6
1994,Jan,70.4,66.6,576030,544452,31578,5.5
1994,Feb,70.6,66.8,579270,547986,31284,5.4
1994,Mar,70.8,67,582157,551073,31084,5.3
1994,Apr,70.8,67.1,584506,553504,31002,5.3
1994,May,70.9,67.1,586332,555267,31065,5.3
1994,Jun,70.9,67.1,587725,556461,31264,5.3
1994,Jul,70.9,67.1,588865,557274,31591,5.4
1994,Aug,70.7,66.9,589870,557899,31971,5.4
1994,Sep,70.7,66.8,590837,558518,32319,5.5
1994,Oct,70.5,66.7,591879,559320,32559,5.5
1994,Nov,70.5,66.6,593055,560435,32620,5.5
1994,Dec,70.5,66.6,594287,561767,32520,5.5
1995,Jan,70.5,66.6,595476,563155,32321,5.4
1995,Feb,70.4,66.6,596596,564483,32113,5.4
1995,Mar,70.3,66.5,597638,565640,31998,5.4
1995,Apr,70.3,66.5,598557,566516,32041,5.4
1995,May,70.2,66.4,599317,567127,32190,5.4
1995,Jun,70.1,66.3,600035,567632,32403,5.4
1995,Jul,69.9,66.1,600835,568195,32640,5.4
1995,Aug,70,66.2,601733,568948,32785,5.4
1995,Sep,69.9,66.1,602779,569931,32848,5.4
1995,Oct,69.9,66.1,603967,571062,32905,5.4
1995,Nov,69.9,66.1,605260,572259,33001,5.5
1995,Dec,69.9,66.1,606616,573491,33125,5.5
1996,Jan,70,66.1,607949,574726,33223,5.5
1996,Feb,69.9,66.1,609197,575949,33248,5.5
1996,Mar,69.9,66.1,610438,577277,33161,5.4
1996,Apr,70,66.2,611772,578800,32972,5.4
1996,May,70,66.3,613262,580562,32700,5.3
1996,Jun,70,66.3,614969,582547,32422,5.3
1996,Jul,70.1,66.4,616905,584704,32201,5.2
1996,Aug,70.2,66.5,619133,586975,32158,5.2
1996,Sep,70.3,66.7,621517,589218,32299,5.2
1996,Oct,70.5,66.8,623747,591240,32507,5.2
1996,Nov,70.5,66.8,625630,592926,32704,5.2
1996,Dec,70.5,66.9,627160,594316,32844,5.2
1997,Jan,70.5,66.8,628457,595548,32909,5.2
1997,Feb,70.6,66.9,629671,596786,32885,5.2
1997,Mar,70.6,67,630862,598077,32785,5.2
1997,Apr,70.6,67,632040,599366,32674,5.2
1997,May,70.6,67,633184,600568,32616,5.2
1997,Jun,70.6,67,634171,601584,32587,5.1
1997,Jul,70.5,66.9,634849,602329,32520,5.1
1997,Aug,70.5,66.9,635214,602773,32441,5.1
1997,Sep,70.4,66.8,635488,603105,32383,5.1
1997,Oct,70.3,66.7,636069,603633,32436,5.1
1997,Nov,70.3,66.7,637155,604543,32612,5.1
1997,Dec,70.3,66.7,638733,605906,32827,5.1
1998,Jan,70.5,66.8,640657,607638,33019,5.2
1998,Feb,70.6,67,642690,609515,33175,5.2
1998,Mar,70.7,67,644547,611307,33240,5.2
1998,Apr,70.8,67.1,646067,612887,33180,5.1
1998,May,70.8,67.2,647288,614232,33056,5.1
1998,Jun,70.8,67.2,648438,615487,32951,5.1
1998,Jul,70.9,67.3,649858,616903,32955,5.1
1998,Aug,70.9,67.3,651596,618568,33028,5.1
1998,Sep,71,67.4,653326,620238,33088,5.1
1998,Oct,71,67.4,654671,621569,33102,5.1
1998,Nov,71,67.4,655303,622241,33062,5
1998,Dec,70.8,67.2,655035,622025,33010,5
1999,Jan,70.6,67.1,653911,620961,32950,5
1999,Feb,70.4,66.8,652302,619441,32861,5
1999,Mar,70.1,66.5,650790,618003,32787,5
1999,Apr,69.9,66.4,649840,617110,32730,5
1999,May,69.8,66.3,649611,616961,32650,5
1999,Jun,69.7,66.2,649976,617449,32527,5
1999,Jul,69.7,66.2,650568,618269,32299,5
1999,Aug,69.6,66.2,651148,619201,31947,4.9
1999,Sep,69.5,66.1,651712,620178,31534,4.8
1999,Oct,69.5,66.1,652187,621095,31092,4.8
1999,Nov,69.4,66.1,652634,621979,30655,4.7
1999,Dec,69.3,66.1,653231,622952,30279,4.6
2000,Jan,69.4,66.2,654084,624065,30019,4.6
2000,Feb,69.3,66.2,655120,625209,29911,4.6
2000,Mar,69.4,66.2,656194,626247,29947,4.6
2000,Apr,69.4,66.2,657235,627130,30105,4.6
2000,May,69.4,66.2,658198,627841,30357,4.6
2000,Jun,69.4,66.1,659082,628423,30659,4.7
2000,Jul,69.4,66.1,660000,628967,31033,4.7
2000,Aug,69.3,66.1,660985,629575,31410,4.8
2000,Sep,69.3,66,662019,630347,31672,4.8
2000,Oct,69.3,66,663216,631447,31769,4.8
2000,Nov,69.4,66.1,664677,632918,31759,4.8
2000,Dec,69.5,66.1,666404,634657,31747,4.8
2001,Jan,69.6,66.2,668377,636539,31838,4.8
2001,Feb,69.7,66.3,670534,638439,32095,4.8
2001,Mar,69.8,66.4,672745,640236,32509,4.8
2001,Apr,69.9,66.5,674888,641841,33047,4.9
2001,May,70,66.5,676904,643259,33645,5
2001,Jun,70.1,66.6,678710,644477,34233,5
2001,Jul,70.1,66.5,680187,645462,34725,5.1
2001,Aug,70.1,66.5,681270,646109,35161,5.2
2001,Sep,70.1,66.4,682002,646321,35681,5.2
2001,Oct,70,66.3,682403,646063,36340,5.3
2001,Nov,69.9,66.1,682547,645416,37131,5.4
2001,Dec,69.8,65.9,682560,644640,37920,5.6
2002,Jan,69.7,65.7,682569,644024,38545,5.6
2002,Feb,69.6,65.6,682694,643795,38899,5.7
2002,Mar,69.5,65.5,682951,644016,38935,5.7
2002,Apr,69.4,65.5,683265,644596,38669,5.7
2002,May,69.4,65.5,683588,645407,38181,5.6
2002,Jun,69.3,65.5,683942,646306,37636,5.5
2002,Jul,69.2,65.4,684374,647131,37243,5.4
2002,Aug,69.1,65.4,684966,647855,37111,5.4
2002,Sep,69.1,65.4,685713,648533,37180,5.4
2002,Oct,69.1,65.3,686550,649188,37362,5.4
2002,Nov,69,65.3,687433,649841,37592,5.5
2002,Dec,69,65.2,688276,650398,37878,5.5
2003,Jan,69,65.2,689016,650792,38224,5.5
2003,Feb,69,65.1,689569,650968,38601,5.6
2003,Mar,68.9,65,689879,650874,39005,5.7
2003,Apr,68.8,64.9,689908,650536,39372,5.7
2003,May,68.7,64.7,689685,650064,39621,5.7
2003,Jun,68.6,64.6,689355,649685,39670,5.8
2003,Jul,68.4,64.5,689161,649682,39479,5.7
2003,Aug,68.3,64.4,689253,650156,39097,5.7
2003,Sep,68.2,64.4,689674,651071,38603,5.6
2003,Oct,68.2,64.4,690432,652339,38093,5.5
2003,Nov,68.1,64.4,691400,653828,37572,5.4
2003,Dec,68.1,64.5,692442,655442,37000,5.3
2004,Jan,68.1,64.5,693480,657072,36408,5.3
2004,Feb,68.1,64.6,694528,658704,35824,5.2
2004,Mar,68.1,64.7,695712,660443,35269,5.1
2004,Apr,68.1,64.7,697137,662301,34836,5
2004,May,68.2,64.8,698840,664233,34607,5
2004,Jun,68.3,64.9,700795,666236,34559,4.9
2004,Jul,68.3,65,702963,668340,34623,4.9
2004,Aug,68.4,65.1,705340,670671,34669,4.9
2004,Sep,68.5,65.2,707975,673432,34543,4.9
2004,Oct,68.6,65.3,710803,676721,34082,4.8
2004,Nov,68.7,65.5,713744,680481,33263,4.7
2004,Dec,68.9,65.8,716759,684500,32259,4.5
2005,Jan,69,66,719723,688441,31282,4.3
2005,Feb,69.1,66.2,722552,691989,30563,4.2
2005,Mar,69.2,66.4,725194,694985,30209,4.2
2005,Apr,69.3,66.5,727665,697501,30164,4.1
2005,May,69.4,66.5,730002,699724,30278,4.1
2005,Jun,69.4,66.6,732176,701796,30380,4.1
2005,Jul,69.4,66.6,734006,703818,30188,4.1
2005,Aug,69.4,66.6,735471,705844,29627,4
2005,Sep,69.4,66.6,736753,707829,28924,3.9
2005,Oct,69.3,66.6,738052,709721,28331,3.8
2005,Nov,69.2,66.6,739524,711507,28017,3.8
2005,Dec,69.2,66.6,741136,713192,27944,3.8
2006,Jan,69.2,66.6,742772,714822,27950,3.8
2006,Feb,69.2,66.6,744226,716360,27866,3.7
2006,Mar,69.1,66.6,745345,717733,27612,3.7
2006,Apr,69.1,66.5,746086,718909,27177,3.6
2006,May,68.9,66.5,746498,719924,26574,3.6
2006,Jun,68.8,66.4,746787,720862,25925,3.5
2006,Jul,68.7,66.4,747213,721805,25408,3.4
2006,Aug,68.6,66.3,747856,722791,25065,3.4
2006,Sep,68.5,66.3,748596,723812,24784,3.3
2006,Oct,68.5,66.2,749388,724893,24495,3.3
2006,Nov,68.4,66.2,750158,726024,24134,3.2
2006,Dec,68.3,66.2,750862,727172,23690,3.2
2007,Jan,68.3,66.2,751570,728386,23184,3.1
2007,Feb,68.2,66.2,752348,729700,22648,3
2007,Mar,68.2,66.2,753201,731045,22156,2.9
2007,Apr,68.1,66.1,754126,732297,21829,2.9
2007,May,68.1,66.1,755069,733243,21826,2.9
2007,Jun,68,66,755853,733710,22143,2.9
2007,Jul,67.9,65.9,756445,733656,22789,3
2007,Aug,67.8,65.7,756654,733068,23586,3.1
2007,Sep,67.7,65.5,756178,731995,24183,3.2
2007,Oct,67.4,65.3,754883,730550,24333,3.2
2007,Nov,67.1,65,752911,728883,24028,3.2
2007,Dec,66.8,64.7,750563,727148,23415,3.1
2008,Jan,66.5,64.5,748137,725393,22744,3
2008,Feb,66.2,64.2,745998,723741,22257,3
2008,Mar,66,64,744450,722340,22110,3
2008,Apr,67,63.8,756645,721227,35418,4.7
2008,May,67.2,63.6,760206,720340,39866,5.2
2008,Jun,67.1,63.5,761212,719408,41804,5.5
2008,Jul,67,63.2,761068,718050,43018,5.7
2008,Aug,66.9,63,760211,716090,44121,5.8
2008,Sep,66.7,62.7,759054,713499,45555,6
2008,Oct,66.5,62.3,757850,710324,47526,6.3
2008,Nov,66.3,61.9,756613,706739,49874,6.6
2008,Dec,66.1,61.5,755248,702988,52260,6.9
2009,Jan,65.9,61.2,753767,699370,54397,7.2
2009,Feb,65.7,60.8,752108,696142,55966,7.4
2009,Mar,65.5,60.5,750126,693440,56686,7.6
2009,Apr,65.2,60.3,747798,691298,56500,7.6
2009,May,66.2,60.1,759949,689681,70268,9.2
2009,Jun,66.3,59.9,761904,688624,73280,9.6
2009,Jul,66.2,59.8,761185,688090,73095,9.6
2009,Aug,66,59.7,760106,687918,72188,9.5
2009,Sep,65.8,59.7,759277,687984,71293,9.4
2009,Oct,65.7,59.6,758838,688237,70601,9.3
2009,Nov,65.7,59.6,758909,688717,70192,9.2
2009,Dec,65.7,59.6,759545,689507,70038,9.2
2010,Jan,65.7,59.7,760445,690531,69914,9.2
2010,Feb,65.7,59.7,761252,691539,69713,9.2
2010,Mar,65.7,59.7,761819,692372,69447,9.1
2010,Apr,65.5,59.6,762064,692947,69117,9.1
2010,May,65.4,59.5,761960,693237,68723,9
2010,Jun,65.4,59.5,761585,693255,68330,9
2010,Jul,65.2,59.4,761044,693097,67947,8.9
2010,Aug,65.1,59.3,760533,692962,67571,8.9
2010,Sep,65,59.3,760283,693038,67245,8.8
2010,Oct,65,59.3,760379,693396,66983,8.8
2010,Nov,65,59.3,760770,693979,66791,8.8
2010,Dec,65,59.3,761301,694664,66637,8.8
2011,Jan,64.9,59.3,761874,695383,66491,8.7
2011,Feb,64.9,59.3,762426,696138,66288,8.7
2011,Mar,64.9,59.3,762885,696898,65987,8.6
2011,Apr,64.9,59.3,763277,697709,65568,8.6
2011,May,64.9,59.4,763681,698664,65017,8.5
2011,Jun,64.9,59.4,764152,699823,64329,8.4
2011,Jul,64.9,59.5,764838,701287,63551,8.3
2011,Aug,64.9,59.6,765743,703015,62728,8.2
2011,Sep,64.9,59.6,766702,704790,61912,8.1
2011,Oct,64.9,59.7,767579,706444,61135,8
2011,Nov,64.9,59.8,768213,707813,60400,7.9
2011,Dec,64.8,59.8,768550,708822,59728,7.8
2012,Jan,64.8,59.8,768709,709573,59136,7.7
2012,Feb,64.7,59.8,768779,710196,58583,7.6
2012,Mar,64.7,59.8,768782,710756,58026,7.5
2012,Apr,64.6,59.8,768761,711329,57432,7.5
2012,May,64.6,59.8,768829,712041,56788,7.4
2012,Jun,64.5,59.8,769041,712968,56073,7.3
2012,Jul,64.5,59.9,769362,714058,55304,7.2
2012,Aug,64.4,59.9,769680,715187,54493,7.1
2012,Sep,64.4,59.9,769874,716258,53616,7
2012,Oct,64.3,59.9,769801,717144,52657,6.8
2012,Nov,64.2,59.9,769414,717778,51636,6.7
2012,Dec,64.1,59.9,768790,718199,50591,6.6
2013,Jan,64.1,59.8,770127,718500,51627,6.7
2013,Feb,64,59.8,769533,718847,50686,6.6
2013,Mar,63.9,59.8,769256,719405,49851,6.5
2013,Apr,63.9,59.8,769331,720215,49116,6.4
2013,May,63.8,59.8,769668,721176,48492,6.3
2013,Jun,63.8,59.8,770199,722261,47938,6.2
2013,Jul,63.8,59.9,770775,723471,47304,6.1
2013,Aug,63.8,59.9,771321,724848,46473,6
2013,Sep,63.7,60,771895,726443,45452,5.9
2013,Oct,63.7,60,772545,728225,44320,5.7
2013,Nov,63.7,60.1,773304,730153,43151,5.6
2013,Dec,63.7,60.2,774133,732112,42021,5.4
2014,Jan,63.7,60.3,775854,734520,41334,5.3
2014,Feb,63.7,60.4,776782,736276,40506,5.2
2014,Mar,63.7,60.5,777573,737847,39726,5.1
2014,Apr,63.7,60.5,778228,739220,39008,5
2014,May,63.7,60.5,778783,740449,38334,4.9
2014,Jun,63.6,60.6,779297,741596,37701,4.8
2014,Jul,63.6,60.6,779834,742723,37111,4.8
2014,Aug,63.6,60.6,780526,743953,36573,4.7
2014,Sep,63.6,60.6,781459,745361,36098,4.6
2014,Oct,63.6,60.7,782667,746985,35682,4.6
2014,Nov,63.6,60.7,784103,748782,35321,4.5
2014,Dec,63.7,60.8,785742,750711,35031,4.5
2015,Jan,63.5,60.9,785111,752510,32601,4.2
2015,Feb,63.6,61,787185,754504,32681,4.2
2015,Mar,63.7,61.1,789169,756429,32740,4.1
2015,Apr,63.8,61.1,791024,758258,32766,4.1
2015,May,63.8,61.2,792745,759981,32764,4.1
2015,Jun,63.9,61.2,794299,761564,32735,4.1
2015,Jul,63.9,61.3,795741,763048,32693,4.1
2015,Aug,63.9,61.3,797114,764468,32646,4.1
2015,Sep,63.9,61.3,798498,765926,32572,4.1
2015,Oct,63.9,61.3,800030,767573,32457,4.1
2015,Nov,63.9,61.3,801806,769491,32315,4
2015,Dec,63.9,61.4,803771,771627,32144,4
2016,Jan,64,61.4,805747,773795,31952,4
2016,Feb,64,61.5,807602,775843,31759,3.9
2016,Mar,64,61.5,809281,777715,31566,3.9
2016,Apr,64,61.5,810859,779465,31394,3.9
2016,May,64,61.6,812420,781168,31252,3.8
2016,Jun,64,61.6,814052,782932,31120,3.8
2016,Jul,64,61.6,815730,784782,30948,3.8
2016,Aug,64,61.6,817380,786677,30703,3.8
2016,Sep,64,61.6,818907,788528,30379,3.7
2016,Oct,64,61.6,820248,790265,29983,3.7
2016,Nov,63.9,61.6,821434,791916,29518,3.6
2016,Dec,63.9,61.6,822574,793562,29012,3.5
2017,Jan,63.9,61.7,823861,795361,28500,3.5
2017,Feb,63.9,61.7,825364,797354,28010,3.4
2017,Mar,63.9,61.7,827000,799434,27566,3.3
2017,Apr,63.9,61.8,828758,801577,27181,3.3
2017,May,63.9,61.8,830629,803777,26852,3.2
2017,Jun,63.9,61.9,832598,806006,26592,3.2
2017,Jul,63.9,61.9,834646,808241,26405,3.2
2017,Aug,64,62,836725,810455,26270,3.1
2017,Sep,64,62,838806,812653,26153,3.1
2017,Oct,64,62.1,840861,814841,26020,3.1
2017,Nov,64.1,62.1,842850,816978,25872,3.1
2017,Dec,64.1,62.1,844790,819073,25717,3
2018,Jan,64.1,62.2,846687,821121,25566,3
2018,Feb,64.1,62.2,848612,823187,25425,3
2018,Mar,64.2,62.3,850622,825346,25276,3
2018,Apr,64.2,62.3,852551,827456,25095,2.9
2018,May,64.2,62.3,854298,829419,24879,2.9
2018,Jun,64.2,62.4,855962,831309,24653,2.9
2018,Jul,64.2,62.4,857660,833198,24462,2.9
2018,Aug,64.2,62.4,859529,835142,24387,2.8
2018,Sep,64.2,62.4,861621,837146,24475,2.8
2018,Oct,64.3,62.4,863878,839163,24715,2.9
2018,Nov,64.3,62.4,866195,841160,25035,2.9
2018,Dec,64.3,62.5,868468,843121,25347,2.9
2019,Jan,64.4,62.5,870617,845034,25583,2.9
2019,Feb,64.4,62.5,872623,846902,25721,2.9
2019,Mar,64.4,62.5,874607,848811,25796,2.9
2019,Apr,64.4,62.5,876762,850921,25841,2.9
2019,May,64.5,62.6,879122,853250,25872,2.9
2019,Jun,64.5,62.6,881507,855620,25887,2.9
2019,Jul,64.6,62.7,883977,858125,25852,2.9
2019,Aug,64.6,62.7,886093,860354,25739,2.9
2019,Sep,64.6,62.7,887795,862222,25573,2.9
2019,Oct,64.5,62.7,888897,863475,25422,2.9
2019,Nov,64.4,62.5,888878,863501,25377,2.9
2019,Dec,64.2,62.4,888658,863269,25389,2.9
2020,Jan,64.2,62.4,890069,865321,24748,2.8
2020,Feb,64.2,62.5,891661,867822,23839,2.7
2020,Mar,64.3,62.7,894632,872658,21974,2.5
2020,Apr,63.5,56,885844,781553,104291,11.8
2020,May,63.1,57.4,882241,803013,79228,9
2020,Jun,63.9,60.2,895047,843408,51639,5.8
2020,Jul,64.2,61,901494,855906,45588,5.1
2020,Aug,63.7,61.1,896515,859018,37497,4.2
2020,Sep,65.1,61.2,918644,862341,56303,6.1
