Year,Period,labor force participation rate,employment-population ratio,labor force,employment,unemployment,unemployment rate
1976,Jan,56.7,53.1,1513827,1417816,96011,6.3
1976,Feb,56.5,52.9,1513026,1417468,95558,6.3
1976,Mar,56.4,52.8,1513093,1417499,95594,6.3
1976,Apr,56.3,52.7,1516323,1418904,97419,6.4
1976,May,56.4,52.7,1521492,1421200,100292,6.6
1976,Jun,56.5,52.7,1527804,1424206,103598,6.8
1976,Jul,56.5,52.6,1533265,1426892,106373,6.9
1976,Aug,56.5,52.6,1536888,1428989,107899,7
1976,Sep,56.5,52.5,1538809,1430467,108342,7
1976,Oct,56.4,52.5,1539587,1431362,108225,7
1976,Nov,56.3,52.4,1540432,1432371,108061,7
1976,Dec,56.3,52.4,1542754,1434769,107985,7
1977,Jan,56.4,52.5,1547949,1439858,108091,7
1977,Feb,56.6,52.6,1556163,1447930,108233,7
1977,Mar,56.8,52.9,1566229,1458109,108120,6.9
1977,Apr,57.1,53.2,1576996,1469214,107782,6.8
1977,May,57.3,53.5,1587365,1479770,107595,6.8
1977,Jun,57.6,53.7,1596665,1488694,107971,6.8
1977,Jul,57.8,53.8,1605103,1495586,109517,6.8
1977,Aug,58,53.9,1613426,1500984,112442,7
1977,Sep,58.2,54,1622028,1505819,116209,7.2
1977,Oct,58.4,54.1,1630797,1510705,120092,7.4
1977,Nov,58.6,54.2,1639295,1515864,123431,7.5
1977,Dec,58.7,54.2,1646915,1521158,125757,7.6
1978,Jan,58.9,54.4,1653280,1526600,126680,7.7
1978,Feb,59,54.5,1658304,1532120,126184,7.6
1978,Mar,59,54.6,1662127,1537683,124444,7.5
1978,Apr,59,54.7,1665075,1543303,121772,7.3
1978,May,59,54.8,1667548,1548990,118558,7.1
1978,Jun,58.9,54.9,1669619,1554561,115058,6.9
1978,Jul,58.9,55,1671163,1559652,111511,6.7
1978,Aug,58.8,55,1672168,1564110,108058,6.5
1978,Sep,58.7,55,1673075,1568245,104830,6.3
1978,Oct,58.7,55.1,1674793,1572845,101948,6.1
1978,Nov,58.6,55.2,1677787,1578073,99714,5.9
1978,Dec,58.7,55.2,1681702,1583251,98451,5.9
1979,Jan,58.7,55.3,1686136,1587769,98367,5.8
1979,Feb,58.8,55.3,1690966,1591436,99530,5.9
1979,Mar,58.8,55.3,1696194,1594135,102059,6
1979,Apr,58.9,55.2,1701742,1595825,105917,6.2
1979,May,59,55.2,1708189,1597591,110598,6.5
1979,Jun,59.2,55.2,1716342,1600858,115484,6.7
1979,Jul,59.4,55.3,1726439,1606758,119681,6.9
1979,Aug,59.6,55.4,1738019,1615414,122605,7.1
1979,Sep,59.9,55.7,1750063,1625838,124225,7.1
1979,Oct,60.2,55.9,1760954,1636517,124437,7.1
1979,Nov,60.3,56.1,1769447,1646020,123427,7
1979,Dec,60.4,56.2,1775044,1653058,121986,6.9
1980,Jan,60.3,56.2,1777343,1656635,120708,6.8
1980,Feb,60.1,56.1,1776694,1656961,119733,6.7
1980,Mar,59.9,55.9,1774359,1655470,118889,6.7
1980,Apr,59.7,55.7,1771777,1653934,117843,6.7
1980,May,59.6,55.6,1770519,1653605,116914,6.6
1980,Jun,59.5,55.6,1771898,1655187,116711,6.6
1980,Jul,59.5,55.6,1776489,1658877,117612,6.6
1980,Aug,59.7,55.7,1784225,1664297,119928,6.7
1980,Sep,59.9,55.8,1794228,1670676,123552,6.9
1980,Oct,60.2,55.9,1805058,1676924,128134,7.1
1980,Nov,60.4,56,1815765,1682706,133059,7.3
1980,Dec,60.6,56.1,1826049,1688551,137498,7.5
1981,Jan,60.9,56.2,1835619,1694415,141204,7.7
1981,Feb,61,56.3,1844049,1699588,144461,7.8
1981,Mar,61.2,56.3,1851267,1703708,147559,8
1981,Apr,61.2,56.3,1856869,1706311,150558,8.1
1981,May,61.2,56.2,1860028,1707033,152995,8.2
1981,Jun,61.1,56.1,1860713,1706073,154640,8.3
1981,Jul,61,55.9,1859735,1703779,155956,8.4
1981,Aug,60.9,55.7,1857927,1700474,157453,8.5
1981,Sep,60.7,55.5,1856341,1696746,159595,8.6
1981,Oct,60.6,55.3,1856121,1693316,162805,8.8
1981,Nov,60.5,55.1,1857119,1690199,166920,9
1981,Dec,60.5,54.9,1858988,1687532,171456,9.2
1982,Jan,60.4,54.7,1861712,1685914,175798,9.4
1982,Feb,60.4,54.6,1864877,1685356,179521,9.6
1982,Mar,60.4,54.5,1867615,1685146,182469,9.8
1982,Apr,60.4,54.4,1869812,1684929,184883,9.9
1982,May,60.3,54.3,1871323,1684154,187169,10
1982,Jun,60.2,54.1,1871570,1681998,189572,10.1
1982,Jul,60.1,53.9,1870447,1678282,192165,10.3
1982,Aug,59.9,53.7,1868535,1673548,194987,10.4
1982,Sep,59.8,53.4,1866665,1668477,198188,10.6
1982,Oct,59.7,53.2,1865699,1663650,202049,10.8
1982,Nov,59.6,53,1866528,1659832,206696,11.1
1982,Dec,59.6,52.8,1869020,1657142,211878,11.3
1983,Jan,59.6,52.7,1872974,1655596,217378,11.6
1983,Feb,59.7,52.6,1878630,1655971,222659,11.9
1983,Mar,59.8,52.6,1885756,1658595,227161,12
1983,Apr,60,52.7,1894126,1663577,230549,12.2
1983,May,60.2,52.9,1903256,1670936,232320,12.2
1983,Jun,60.4,53.1,1912254,1680368,231886,12.1
1983,Jul,60.6,53.3,1920047,1691024,229023,11.9
1983,Aug,60.7,53.7,1925503,1701497,224006,11.6
1983,Sep,60.8,53.9,1927959,1710733,217226,11.3
1983,Oct,60.7,54.1,1927558,1718332,209226,10.9
1983,Nov,60.6,54.3,1925477,1724323,201154,10.4
1983,Dec,60.6,54.4,1923918,1729452,194466,10.1
1984,Jan,60.6,54.6,1924655,1734897,189758,9.9
1984,Feb,60.7,54.8,1928348,1741203,187145,9.7
1984,Mar,60.8,55,1934742,1748169,186573,9.6
1984,Apr,61,55.1,1942246,1754846,187400,9.6
1984,May,61.2,55.3,1949364,1760028,189336,9.7
1984,Jun,61.4,55.4,1955095,1763000,192095,9.8
1984,Jul,61.5,55.4,1958754,1763556,195198,10
1984,Aug,61.5,55.3,1960829,1762274,198555,10.1
1984,Sep,61.6,55.2,1962332,1760020,202312,10.3
1984,Oct,61.6,55.1,1964481,1758018,206463,10.5
1984,Nov,61.7,55.1,1968139,1757478,210661,10.7
1984,Dec,61.8,55.1,1972937,1758565,214372,10.9
1985,Jan,62,55.1,1977628,1760215,217413,11
1985,Feb,62,55.2,1980983,1760985,219998,11.1
1985,Mar,62.1,55.1,1982445,1760221,222224,11.2
1985,Apr,62,55,1982428,1758202,224226,11.3
1985,May,62,54.9,1981885,1755720,226165,11.4
1985,Jun,62,54.9,1981746,1753608,228138,11.5
1985,Jul,62,54.8,1982809,1752411,230398,11.6
1985,Aug,62,54.8,1985341,1752772,232569,11.7
1985,Sep,62.1,54.8,1989049,1754495,234554,11.8
1985,Oct,62.2,54.8,1993046,1756530,236516,11.9
1985,Nov,62.2,54.8,1996035,1757495,238540,12
1985,Dec,62.2,54.7,1997044,1756336,240708,12.1
1986,Jan,62.1,54.6,1995970,1752884,243086,12.2
1986,Feb,62,54.4,1993298,1747825,245473,12.3
1986,Mar,61.8,54.1,1989343,1741918,247425,12.4
1986,Apr,61.6,53.9,1984730,1735753,248977,12.5
1986,May,61.5,53.7,1980197,1729887,250310,12.6
1986,Jun,61.3,53.5,1976666,1724854,251812,12.7
1986,Jul,61.2,53.3,1974549,1720897,253652,12.8
1986,Aug,61.2,53.3,1973394,1717687,255707,13
1986,Sep,61.2,53.2,1972463,1714963,257500,13.1
1986,Oct,61.2,53.2,1971070,1712681,258389,13.1
1986,Nov,61.2,53.2,1968654,1710555,258099,13.1
1986,Dec,61.2,53.2,1965512,1709120,256392,13
1987,Jan,61.1,53.2,1961955,1708572,253383,12.9
1987,Feb,61,53.3,1958125,1708713,249412,12.7
1987,Mar,61,53.3,1954763,1709559,245204,12.5
1987,Apr,60.9,53.4,1952009,1710846,241163,12.4
1987,May,60.9,53.5,1949705,1712203,237502,12.2
1987,Jun,60.9,53.6,1947816,1713254,234562,12
1987,Jul,60.9,53.6,1946245,1713823,232422,11.9
1987,Aug,60.9,53.7,1944858,1713869,230989,11.9
1987,Sep,60.9,53.7,1943566,1713740,229826,11.8
1987,Oct,60.9,53.8,1942201,1713561,228640,11.8
1987,Nov,60.9,53.8,1940673,1713636,227037,11.7
1987,Dec,60.9,53.8,1938653,1713641,225012,11.6
1988,Jan,60.9,53.9,1935857,1713253,222604,11.5
1988,Feb,60.8,53.9,1932607,1712672,219935,11.4
1988,Mar,60.7,53.9,1929188,1711859,217329,11.3
1988,Apr,60.7,53.9,1926089,1711081,215008,11.2
1988,May,60.6,53.9,1923531,1710648,212883,11.1
1988,Jun,60.6,54,1921247,1710651,210596,11
1988,Jul,60.6,54,1919061,1711120,207941,10.8
1988,Aug,60.6,54.1,1917028,1711938,205090,10.7
1988,Sep,60.5,54.1,1915198,1712967,202231,10.6
1988,Oct,60.5,54.2,1913293,1714221,199072,10.4
1988,Nov,60.4,54.2,1911353,1715836,195517,10.2
1988,Dec,60.4,54.3,1909286,1717800,191486,10
1989,Jan,60.3,54.4,1907154,1720327,186827,9.8
1989,Feb,60.3,54.5,1904715,1723028,181687,9.5
1989,Mar,60.2,54.6,1901668,1725801,175867,9.2
1989,Apr,60.1,54.7,1897679,1728500,169179,8.9
1989,May,59.9,54.8,1892484,1730762,161722,8.5
1989,Jun,59.8,54.9,1886356,1732500,153856,8.2
1989,Jul,59.6,54.9,1879563,1733606,145957,7.8
1989,Aug,59.4,55,1872456,1734342,138114,7.4
1989,Sep,59.2,55,1865666,1735141,130525,7
1989,Oct,59,55.1,1860225,1736583,123642,6.6
1989,Nov,58.9,55.2,1856445,1738633,117812,6.3
1989,Dec,58.9,55.3,1854383,1741129,113254,6.1
1990,Jan,61,57.4,1853830,1743894,109936,5.9
1990,Feb,60.9,57.4,1854176,1746617,107559,5.8
1990,Mar,60.8,57.3,1855174,1748988,106186,5.7
1990,Apr,60.7,57.2,1857028,1750812,106216,5.7
1990,May,60.6,57.1,1860179,1752411,107768,5.8
1990,Jun,60.6,57,1864317,1753795,110522,5.9
1990,Jul,60.6,56.9,1869324,1755176,114148,6.1
1990,Aug,60.8,56.9,1874948,1756604,118344,6.3
1990,Sep,60.9,56.9,1880295,1757660,122635,6.5
1990,Oct,61,56.9,1884661,1758001,126660,6.7
1990,Nov,61.1,56.9,1888059,1758097,129962,6.9
1990,Dec,61.2,56.9,1890800,1758365,132435,7
1991,Jan,61.2,56.9,1893247,1758706,134541,7.1
1991,Feb,61.3,56.9,1896171,1759603,136568,7.2
1991,Mar,61.4,56.9,1899352,1760969,138383,7.3
1991,Apr,61.5,57,1902372,1762736,139636,7.3
1991,May,61.6,57.1,1905271,1765058,140213,7.4
1991,Jun,61.7,57.1,1908177,1768006,140171,7.3
1991,Jul,61.7,57.2,1910729,1771129,139600,7.3
1991,Aug,61.8,57.3,1912764,1773909,138855,7.3
1991,Sep,61.8,57.3,1914612,1776072,138540,7.2
1991,Oct,61.8,57.3,1916297,1777174,139123,7.3
1991,Nov,61.8,57.2,1917800,1777083,140717,7.3
1991,Dec,61.8,57.2,1919060,1776073,142987,7.5
1992,Jan,61.8,57.1,1920456,1774827,145629,7.6
1992,Feb,61.8,57,1922436,1773785,148651,7.7
1992,Mar,61.9,57,1925381,1773512,151869,7.9
1992,Apr,62,57,1929005,1773814,155191,8
1992,May,62,56.9,1931754,1773574,158180,8.2
1992,Jun,62,56.8,1932341,1772154,160187,8.3
1992,Jul,61.9,56.7,1930475,1769590,160885,8.3
1992,Aug,61.7,56.6,1926213,1766122,160091,8.3
1992,Sep,61.4,56.4,1920087,1762165,157922,8.2
1992,Oct,61.2,56.2,1913296,1758526,154770,8.1
1992,Nov,60.9,56.1,1906774,1755363,151411,7.9
1992,Dec,60.7,56,1901343,1752871,148472,7.8
1993,Jan,60.6,55.9,1897512,1751408,146104,7.7
1993,Feb,60.5,55.8,1895017,1750789,144228,7.6
1993,Mar,60.4,55.8,1893636,1750802,142834,7.5
1993,Apr,60.3,55.8,1892766,1751166,141600,7.5
1993,May,60.3,55.8,1892103,1751486,140617,7.4
1993,Jun,60.2,55.7,1891930,1751493,140437,7.4
1993,Jul,60.2,55.7,1892364,1751242,141122,7.5
1993,Aug,60.2,55.7,1894037,1751341,142696,7.5
1993,Sep,60.3,55.7,1897843,1752637,145206,7.7
1993,Oct,60.4,55.7,1903875,1755422,148453,7.8
1993,Nov,60.6,55.8,1911399,1759377,152022,8
1993,Dec,60.8,55.9,1919138,1763958,155180,8.1
1994,Jan,61,56,1925497,1768358,157139,8.2
1994,Feb,61.1,56.1,1929402,1771906,157496,8.2
1994,Mar,61.1,56.2,1931094,1774501,156593,8.1
1994,Apr,61.1,56.2,1931906,1776819,155087,8
1994,May,61.1,56.3,1933432,1779870,153562,7.9
1994,Jun,61.2,56.4,1936554,1784180,152374,7.9
1994,Jul,61.3,56.5,1941537,1789853,151684,7.8
1994,Aug,61.5,56.7,1947614,1796344,151270,7.8
1994,Sep,61.6,56.9,1953467,1802851,150616,7.7
1994,Oct,61.7,57,1958029,1808801,149228,7.6
1994,Nov,61.7,57.1,1961217,1813959,147258,7.5
1994,Dec,61.8,57.2,1963029,1817679,145350,7.4
1995,Jan,61.7,57.2,1963446,1819482,143964,7.3
1995,Feb,61.7,57.2,1962983,1819883,143100,7.3
1995,Mar,61.6,57.1,1961873,1819472,142401,7.3
1995,Apr,61.5,57.1,1960325,1818863,141462,7.2
1995,May,61.4,57,1958881,1818921,139960,7.1
1995,Jun,61.3,57,1957818,1820063,137755,7
1995,Jul,61.3,57.1,1957183,1821972,135211,6.9
1995,Aug,61.2,57.1,1956903,1823885,133018,6.8
1995,Sep,61.2,57.1,1956941,1825221,131720,6.7
1995,Oct,61.1,57,1957394,1825841,131553,6.7
1995,Nov,61.1,57,1958230,1826129,132101,6.7
1995,Dec,61.1,57,1959805,1826901,132904,6.8
1996,Jan,61.2,57,1962753,1829078,133675,6.8
1996,Feb,61.3,57.1,1967104,1832952,134152,6.8
1996,Mar,61.4,57.2,1972464,1838321,134143,6.8
1996,Apr,61.6,57.4,1978192,1844600,133592,6.8
1996,May,61.7,57.6,1983765,1851108,132657,6.7
1996,Jun,61.8,57.7,1989102,1857459,131643,6.6
1996,Jul,61.9,57.9,1994275,1863472,130803,6.6
1996,Aug,62,58,1999109,1869008,130101,6.5
1996,Sep,62.1,58.1,2002807,1873458,129349,6.5
1996,Oct,62.1,58.1,2005036,1876401,128635,6.4
1996,Nov,62.1,58.1,2006039,1878162,127877,6.4
1996,Dec,62.1,58.1,2006414,1879456,126958,6.3
1997,Jan,62,58.1,2006875,1880766,126109,6.3
1997,Feb,62.1,58.2,2008106,1882548,125558,6.3
1997,Mar,62.1,58.2,2010501,1885274,125227,6.2
1997,Apr,62.2,58.3,2013976,1888919,125057,6.2
1997,May,62.3,58.4,2017640,1892896,124744,6.2
1997,Jun,62.3,58.5,2020819,1896882,123937,6.1
1997,Jul,62.4,58.6,2023601,1901115,122486,6.1
1997,Aug,62.4,58.7,2026302,1905702,120600,6
1997,Sep,62.5,58.8,2029048,1910612,118436,5.8
1997,Oct,62.5,58.9,2031545,1915362,116183,5.7
1997,Nov,62.5,59,2033508,1919269,114239,5.6
1997,Dec,62.5,59.1,2035309,1922385,112924,5.5
1998,Jan,62.6,59.1,2037370,1925001,112369,5.5
1998,Feb,62.7,59.2,2040189,1927330,112859,5.5
1998,Mar,62.8,59.2,2043840,1929307,114533,5.6
1998,Apr,62.9,59.3,2048324,1931197,117127,5.7
1998,May,63,59.3,2053124,1933103,120021,5.8
1998,Jun,63.1,59.3,2056825,1934565,122260,5.9
1998,Jul,63.1,59.3,2058204,1935143,123061,6
1998,Aug,63,59.3,2057231,1935187,122044,5.9
1998,Sep,62.9,59.2,2054913,1935279,119634,5.8
1998,Oct,62.8,59.2,2052164,1935821,116343,5.7
1998,Nov,62.7,59.2,2049397,1936629,112768,5.5
1998,Dec,62.5,59.2,2046469,1936927,109542,5.4
1999,Jan,62.4,59.2,2043136,1936384,106752,5.2
1999,Feb,62.3,59.1,2039616,1935212,104404,5.1
1999,Mar,62.2,59,2036509,1933955,102554,5
1999,Apr,62.1,59,2034336,1932998,101338,5
1999,May,62,58.9,2033657,1932583,101074,5
1999,Jun,62,58.9,2034977,1933106,101871,5
1999,Jul,62.1,58.9,2037591,1934328,103263,5.1
1999,Aug,62.2,59,2040239,1935763,104476,5.1
1999,Sep,62.2,59,2042166,1937148,105018,5.1
1999,Oct,62.2,59,2043307,1938332,104975,5.1
1999,Nov,62.2,59,2044087,1939576,104511,5.1
1999,Dec,62.2,59,2044868,1940984,103884,5.1
2000,Jan,62.2,59.1,2045788,1942179,103609,5.1
2000,Feb,62.2,59.1,2046066,1942365,103701,5.1
2000,Mar,62.2,59,2044981,1940906,104075,5.1
2000,Apr,62.1,58.9,2042237,1937656,104581,5.1
2000,May,62,58.8,2037977,1933038,104939,5.1
2000,Jun,61.8,58.6,2033038,1927628,105410,5.2
2000,Jul,61.7,58.4,2028950,1922551,106399,5.2
2000,Aug,61.6,58.3,2027366,1919201,108165,5.3
2000,Sep,61.6,58.3,2028697,1918188,110509,5.4
2000,Oct,61.7,58.3,2032548,1919605,112943,5.6
2000,Nov,61.9,58.4,2037795,1922540,115255,5.7
2000,Dec,62,58.5,2042652,1925574,117078,5.7
2001,Jan,62.1,58.5,2045343,1927490,117853,5.8
2001,Feb,62.1,58.5,2045091,1927761,117330,5.7
2001,Mar,62,58.5,2041778,1926262,115516,5.7
2001,Apr,61.8,58.4,2036215,1923257,112958,5.5
2001,May,61.6,58.3,2030267,1919571,110696,5.5
2001,Jun,61.5,58.1,2025352,1915693,109659,5.4
2001,Jul,61.4,58,2022420,1911962,110458,5.5
2001,Aug,61.3,57.9,2020894,1907729,113165,5.6
2001,Sep,61.2,57.7,2019760,1902657,117103,5.8
2001,Oct,61.2,57.5,2018081,1896959,121122,6
2001,Nov,61,57.3,2015002,1890954,124048,6.2
2001,Dec,60.9,57.1,2010894,1885504,125390,6.2
2002,Jan,60.7,57,2006632,1881315,125317,6.2
2002,Feb,60.6,56.9,2002973,1878616,124357,6.2
2002,Mar,60.5,56.8,2000395,1877247,123148,6.2
2002,Apr,60.5,56.8,1999408,1877290,122118,6.1
2002,May,60.5,56.8,2000002,1878570,121432,6.1
2002,Jun,60.5,56.9,2001842,1880711,121131,6.1
2002,Jul,60.6,56.9,2004004,1882708,121296,6.1
2002,Aug,60.6,56.9,2005979,1884136,121843,6.1
2002,Sep,60.6,56.9,2007885,1885167,122718,6.1
2002,Oct,60.6,56.9,2009624,1885700,123924,6.2
2002,Nov,60.6,56.9,2011479,1886143,125336,6.2
2002,Dec,60.7,56.9,2013265,1886620,126645,6.3
2003,Jan,60.7,56.8,2015146,1887175,127971,6.4
2003,Feb,60.8,56.9,2017301,1887707,129594,6.4
2003,Mar,60.8,56.8,2019069,1887539,131530,6.5
2003,Apr,60.8,56.8,2019447,1885891,133556,6.6
2003,May,60.7,56.7,2018192,1883009,135183,6.7
2003,Jun,60.6,56.6,2016488,1880670,135818,6.7
2003,Jul,60.6,56.5,2015428,1880553,134875,6.7
2003,Aug,60.6,56.6,2015555,1883143,132412,6.6
2003,Sep,60.6,56.7,2016744,1887858,128886,6.4
2003,Oct,60.6,56.8,2018740,1893630,125110,6.2
2003,Nov,60.6,57,2021183,1899139,122044,6
2003,Dec,60.7,57.1,2023461,1903167,120294,5.9
2004,Jan,60.7,57.1,2024945,1905078,119867,5.9
2004,Feb,60.7,57.1,2025792,1905386,120406,5.9
2004,Mar,60.7,57.1,2026582,1905322,121260,6
2004,Apr,60.7,57.1,2027412,1905767,121645,6
2004,May,60.8,57.1,2028459,1907175,121284,6
2004,Jun,60.8,57.2,2030498,1909920,120578,5.9
2004,Jul,60.9,57.3,2034225,1914163,120062,5.9
2004,Aug,61,57.4,2039372,1919556,119816,5.9
2004,Sep,61.1,57.6,2044932,1925089,119843,5.9
2004,Oct,61.3,57.7,2049589,1929498,120091,5.9
2004,Nov,61.3,57.7,2052424,1932242,120182,5.9
2004,Dec,61.3,57.8,2053816,1933867,119949,5.8
2005,Jan,61.3,57.8,2054488,1935247,119241,5.8
2005,Feb,61.3,57.8,2055257,1937066,118191,5.8
2005,Mar,61.4,57.9,2058628,1940858,117770,5.7
2005,Apr,61.6,58.1,2064717,1946445,118272,5.7
2005,May,61.7,58.2,2069290,1950569,118721,5.7
2005,Jun,61.6,58.1,2066629,1949152,117477,5.7
2005,Jul,61.2,57.8,2054176,1940112,114064,5.6
2005,Aug,60.5,57.3,2034100,1924460,109640,5.4
2005,Sep,67.9,60.3,2147999,1905672,242327,11.3
2005,Oct,67.3,59.7,2127220,1888518,238702,11.2
2005,Nov,66.8,59.3,2112977,1876711,236266,11.2
2005,Dec,63.2,59.1,2000436,1871772,128664,6.4
2006,Jan,62.2,59.2,1970870,1873393,97477,4.9
2006,Feb,62.3,59.3,1975302,1878894,96408,4.9
2006,Mar,62.3,59.3,1977843,1884164,93679,4.7
2006,Apr,62.2,59.3,1976914,1887383,89531,4.5
2006,May,62,59.3,1975582,1890039,85543,4.3
2006,Jun,61.9,59.3,1976619,1893314,83305,4.2
2006,Jul,62,59.4,1981041,1897899,83142,4.2
2006,Aug,62,59.4,1987747,1903832,83915,4.2
2006,Sep,62.1,59.4,1995460,1910446,85014,4.3
2006,Oct,62.2,59.5,2003226,1917148,86078,4.3
2006,Nov,62.2,59.5,2009868,1923095,86773,4.3
2006,Dec,62.2,59.5,2014262,1927274,86988,4.3
2007,Jan,62.1,59.4,2016195,1929258,86937,4.3
2007,Feb,62,59.3,2016887,1929793,87094,4.3
2007,Mar,61.8,59.1,2017261,1929737,87524,4.3
2007,Apr,61.7,59,2017777,1929859,87918,4.4
2007,May,61.5,58.9,2018620,1930821,87799,4.3
2007,Jun,61.4,58.8,2020468,1933636,86832,4.3
2007,Jul,61.4,58.8,2024271,1938832,85439,4.2
2007,Aug,61.5,58.9,2030500,1946016,84484,4.2
2007,Sep,61.6,59.1,2038498,1954321,84177,4.1
2007,Oct,61.8,59.2,2046774,1962165,84609,4.1
2007,Nov,61.9,59.3,2054068,1968545,85523,4.2
2007,Dec,62,59.4,2059822,1973338,86484,4.2
2008,Jan,62,59.4,2063664,1976346,87318,4.2
2008,Feb,62,59.3,2065937,1977960,87977,4.3
2008,Mar,62,59.3,2067910,1979262,88648,4.3
2008,Apr,61.9,59.3,2070677,1980675,90002,4.3
2008,May,62,59.2,2074917,1982227,92690,4.5
2008,Jun,62.1,59.2,2081090,1984107,96983,4.7
2008,Jul,62.2,59.2,2088524,1986160,102364,4.9
2008,Aug,62.4,59.1,2095848,1987845,108003,5.2
2008,Sep,62.5,59.1,2101575,1988229,113346,5.4
2008,Oct,62.5,59,2104209,1986258,117951,5.6
2008,Nov,62.4,58.8,2102636,1981048,121588,5.8
2008,Dec,62.2,58.5,2096924,1972534,124390,5.9
2009,Jan,61.9,58.1,2088301,1961574,126727,6.1
2009,Feb,61.6,57.7,2079054,1949758,129296,6.2
2009,Mar,61.3,57.4,2071502,1939019,132483,6.4
2009,Apr,61.1,57.1,2066691,1930773,135918,6.6
2009,May,61,56.9,2064108,1925008,139100,6.7
2009,Jun,60.9,56.7,2062784,1920986,141798,6.9
2009,Jul,60.8,56.6,2061695,1917783,143912,7
2009,Aug,60.7,56.4,2060251,1914642,145609,7.1
2009,Sep,60.6,56.3,2058526,1911530,146996,7.1
2009,Oct,60.5,56.2,2056861,1908720,148141,7.2
2009,Nov,60.5,56.1,2056699,1907243,149456,7.3
2009,Dec,60.5,56.1,2059351,1907998,151353,7.3
2010,Jan,60.6,56.1,2065028,1911282,153746,7.4
2010,Feb,60.8,56.2,2072458,1916327,156131,7.5
2010,Mar,61,56.3,2080069,1921681,158388,7.6
2010,Apr,60.8,56.1,2086900,1926189,160711,7.7
2010,May,60.9,56.1,2092101,1929083,163018,7.8
2010,Jun,60.9,56.1,2094979,1929545,165434,7.9
2010,Jul,60.8,56,2095489,1927347,168142,8
2010,Aug,60.7,55.8,2094171,1923376,170795,8.2
2010,Sep,60.6,55.6,2091694,1918710,172984,8.3
2010,Oct,60.5,55.4,2089158,1914750,174408,8.3
2010,Nov,60.4,55.3,2086945,1912139,174806,8.4
2010,Dec,60.3,55.2,2084897,1910814,174083,8.3
2011,Jan,60.1,55.2,2082966,1910437,172529,8.3
2011,Feb,60,55.1,2080850,1910324,170526,8.2
2011,Mar,59.9,55.1,2078080,1909919,168161,8.1
2011,Apr,59.8,55,2074660,1909053,165607,8
2011,May,59.6,54.9,2071476,1908068,163408,7.9
2011,Jun,59.5,54.9,2069314,1907671,161643,7.8
2011,Jul,59.4,54.8,2068547,1908367,160180,7.7
2011,Aug,59.4,54.9,2068989,1909945,159044,7.7
2011,Sep,59.4,54.9,2069983,1911840,158143,7.6
2011,Oct,59.4,54.9,2070931,1913517,157414,7.6
2011,Nov,59.4,54.9,2071370,1914670,156700,7.6
2011,Dec,59.4,54.9,2071368,1915529,155839,7.5
2012,Jan,59.3,54.9,2071658,1916726,154932,7.5
2012,Feb,59.3,54.9,2073080,1918815,154265,7.4
2012,Mar,59.4,55,2075571,1921592,153979,7.4
2012,Apr,59.4,55,2078081,1924525,153556,7.4
2012,May,59.5,55.1,2079852,1927516,152336,7.3
2012,Jun,59.4,55.2,2080624,1930777,149847,7.2
2012,Jul,59.4,55.2,2080660,1934486,146174,7
2012,Aug,59.4,55.3,2080892,1938467,142425,6.8
2012,Sep,59.4,55.4,2082392,1942392,140000,6.7
2012,Oct,59.4,55.4,2085197,1945682,139515,6.7
2012,Nov,59.5,55.5,2088848,1947834,141014,6.8
2012,Dec,59.6,55.5,2092629,1948748,143881,6.9
2013,Jan,59.6,55.4,2095766,1948681,147085,7
2013,Feb,59.7,55.4,2097870,1948351,149519,7.1
2013,Mar,59.7,55.4,2099138,1948749,150389,7.2
2013,Apr,59.7,55.4,2100337,1950743,149594,7.1
2013,May,59.7,55.5,2101514,1953900,147614,7
2013,Jun,59.7,55.6,2102566,1957422,145144,6.9
2013,Jul,59.7,55.6,2103477,1960947,142530,6.8
2013,Aug,59.6,55.7,2103643,1964537,139106,6.6
2013,Sep,59.6,55.8,2102914,1968399,134515,6.4
2013,Oct,59.5,55.9,2102349,1972749,129600,6.2
2013,Nov,59.5,56,2102929,1977783,125146,6
2013,Dec,59.6,56.1,2104957,1983169,121788,5.8
2014,Jan,59.6,56.2,2106326,1986341,119985,5.7
2014,Feb,59.7,56.3,2111132,1991501,119631,5.7
2014,Mar,59.8,56.4,2117647,1996305,121342,5.7
2014,Apr,60,56.5,2125752,2000684,125068,5.9
2014,May,60.3,56.6,2135363,2005356,130007,6.1
2014,Jun,60.6,56.7,2146419,2010981,135438,6.3
2014,Jul,60.9,56.9,2158084,2017224,140860,6.5
2014,Aug,61.2,57,2169595,2023700,145895,6.7
2014,Sep,61.4,57.2,2179721,2029720,150001,6.9
2014,Oct,61.6,57.3,2186761,2034365,152396,7
2014,Nov,61.6,57.3,2189785,2036932,152853,7
2014,Dec,61.6,57.3,2189469,2037589,151880,6.9
2015,Jan,61.4,57.2,2185858,2035826,150032,6.9
2015,Feb,61.3,57.2,2181833,2034113,147720,6.8
2015,Mar,61.1,57.1,2177063,2032196,144867,6.7
2015,Apr,61,57,2171805,2030256,141549,6.5
2015,May,60.8,56.9,2166106,2027977,138129,6.4
2015,Jun,60.6,56.8,2159887,2024933,134954,6.2
2015,Jul,60.4,56.7,2153539,2021216,132323,6.1
2015,Aug,60.2,56.5,2147667,2017140,130527,6.1
2015,Sep,60,56.4,2142848,2013302,129546,6
2015,Oct,59.9,56.3,2139798,2010439,129359,6
2015,Nov,59.8,56.2,2138611,2008747,129864,6.1
2015,Dec,59.8,56.2,2138363,2007811,130552,6.1
2016,Jan,59.8,56.1,2137970,2006984,130986,6.1
2016,Feb,59.7,56.1,2136854,2005772,131082,6.1
2016,Mar,59.6,56,2134513,2003738,130775,6.1
2016,Apr,59.5,55.9,2131255,2000925,130330,6.1
2016,May,59.4,55.8,2127715,1997716,129999,6.1
2016,Jun,59.3,55.7,2124011,1994325,129686,6.1
2016,Jul,59.2,55.5,2120121,1990846,129275,6.1
2016,Aug,59,55.4,2116013,1987234,128779,6.1
2016,Sep,58.9,55.3,2111963,1983765,128198,6.1
2016,Oct,58.8,55.3,2108204,1980936,127268,6
2016,Nov,58.7,55.2,2105093,1979313,125780,6
2016,Dec,58.7,55.2,2103040,1979129,123911,5.9
2017,Jan,58.6,55.2,2102045,1980236,121809,5.8
2017,Feb,58.6,55.3,2101611,1982282,119329,5.7
2017,Mar,58.6,55.4,2101300,1984718,116582,5.5
2017,Apr,58.6,55.5,2101151,1987448,113703,5.4
2017,May,58.6,55.6,2101066,1990432,110634,5.3
2017,Jun,58.7,55.6,2101283,1993636,107647,5.1
2017,Jul,58.7,55.7,2102143,1997121,105022,5
2017,Aug,58.7,55.8,2103425,2000746,102679,4.9
2017,Sep,58.7,55.9,2104598,2004011,100587,4.8
2017,Oct,58.8,56,2105373,2006482,98891,4.7
2017,Nov,58.8,56,2105777,2007922,97855,4.6
2017,Dec,58.8,56.1,2105982,2008419,97563,4.6
2018,Jan,58.8,56.1,2106452,2008150,98302,4.7
2018,Feb,58.8,56,2107557,2007428,100129,4.8
2018,Mar,58.9,56,2108976,2006500,102476,4.9
2018,Apr,58.9,56,2109591,2005076,104515,5
2018,May,58.9,55.9,2108905,2003101,105804,5
2018,Jun,58.9,55.9,2107173,2001127,106046,5
2018,Jul,58.8,55.8,2104700,1999524,105176,5
2018,Aug,58.7,55.8,2102370,1998536,103834,4.9
2018,Sep,58.7,55.8,2100951,1998331,102620,4.9
2018,Oct,58.7,55.8,2100385,1998691,101694,4.8
2018,Nov,58.7,55.8,2100030,1999216,100814,4.8
2018,Dec,58.6,55.9,2099173,1999486,99687,4.7
2019,Jan,58.6,55.9,2097303,1999204,98099,4.7
2019,Feb,58.5,55.8,2094204,1998071,96133,4.6
2019,Mar,58.4,55.8,2090667,1996265,94402,4.5
2019,Apr,58.4,55.8,2087912,1994496,93416,4.5
2019,May,58.3,55.7,2086757,1993195,93562,4.5
2019,Jun,58.4,55.7,2087601,1992477,95124,4.6
2019,Jul,58.5,55.7,2090833,1992463,98370,4.7
2019,Aug,58.6,55.7,2094998,1992636,102362,4.9
2019,Sep,58.7,55.7,2099185,1993090,106095,5.1
2019,Oct,58.8,55.7,2102225,1993322,108903,5.2
2019,Nov,58.8,55.7,2102578,1993247,109331,5.2
2019,Dec,58.8,55.7,2102205,1993208,108997,5.2
2020,Jan,58.9,55.8,2107207,1995892,111315,5.3
2020,Feb,59,56,2109980,2000126,109854,5.2
2020,Mar,59.5,55.5,2126568,1984927,141641,6.7
2020,Apr,54.1,45.9,1931888,1640602,291286,15.1
2020,May,56.9,48.8,2031725,1742230,289495,14.2
2020,Jun,55.9,50.5,1995557,1805027,190530,9.5
2020,Jul,56.3,51,2011263,1822773,188490,9.4
2020,Aug,59,54.4,2106619,1944803,161816,7.7
2020,Sep,58.6,53.9,2095056,1924727,170329,8.1
