Year,Period,labor force participation rate,employment-population ratio,labor force,employment,unemployment,unemployment rate
1976,Jan,61.7,55.6,3959251,3568988,390263,9.9
1976,Feb,61.6,55.5,3957748,3566516,391232,9.9
1976,Mar,61.6,55.5,3959594,3567979,391615,9.9
1976,Apr,61.7,55.6,3969449,3580904,388545,9.8
1976,May,61.8,55.9,3982406,3599367,383039,9.6
1976,Jun,62,56.1,3996173,3620055,376118,9.4
1976,Jul,62.1,56.4,4007046,3637730,369316,9.2
1976,Aug,62.1,56.5,4014317,3650144,364173,9.1
1976,Sep,62.1,56.5,4019823,3658709,361114,9
1976,Oct,62.1,56.6,4025048,3664565,360483,9
1976,Nov,62.2,56.6,4030981,3669679,361302,9
1976,Dec,62.2,56.6,4037844,3676377,361467,9
1977,Jan,62.2,56.7,4046562,3686679,359883,8.9
1977,Feb,62.3,56.9,4056627,3700838,355789,8.8
1977,Mar,62.4,57,4066758,3716881,349877,8.6
1977,Apr,62.5,57.2,4077260,3733183,344077,8.4
1977,May,62.6,57.4,4088355,3749088,339267,8.3
1977,Jun,62.7,57.6,4100553,3764049,336504,8.2
1977,Jul,62.8,57.7,4114470,3778745,335725,8.2
1977,Aug,63,57.9,4129718,3794421,335297,8.1
1977,Sep,63.2,58.1,4144399,3811069,333330,8
1977,Oct,63.3,58.3,4155637,3827163,328474,7.9
1977,Nov,63.3,58.4,4162597,3841830,320767,7.7
1977,Dec,63.3,58.5,4166367,3854673,311694,7.5
1978,Jan,63.2,58.7,4169021,3866844,302177,7.2
1978,Feb,63.2,58.8,4172557,3878842,293715,7
1978,Mar,63.2,58.9,4178021,3889834,288187,6.9
1978,Apr,63.3,58.9,4185118,3899214,285904,6.8
1978,May,63.3,59,4193157,3907083,286074,6.8
1978,Jun,63.4,59,4200891,3913720,287171,6.8
1978,Jul,63.4,59,4208185,3918966,289219,6.9
1978,Aug,63.4,59,4216022,3923561,292461,6.9
1978,Sep,63.5,59.1,4225542,3929790,295752,7
1978,Oct,63.6,59.2,4238487,3939856,298631,7
1978,Nov,63.8,59.3,4254688,3952888,301800,7.1
1978,Dec,64,59.4,4270972,3965614,305358,7.1
1979,Jan,64.1,59.5,4284035,3975332,308703,7.2
1979,Feb,64.2,59.5,4292133,3982060,310073,7.2
1979,Mar,64.2,59.5,4295722,3986200,309522,7.2
1979,Apr,64.1,59.5,4296743,3987304,309439,7.2
1979,May,64,59.4,4298107,3985641,312466,7.3
1979,Jun,64,59.3,4300459,3981094,319365,7.4
1979,Jul,64,59.1,4303437,3974854,328583,7.6
1979,Aug,64,59,4306901,3967435,339466,7.9
1979,Sep,64,58.8,4310759,3958126,352633,8.2
1979,Oct,64,58.6,4313919,3947190,366729,8.5
1979,Nov,64,58.3,4314777,3934367,380410,8.8
1979,Dec,63.9,58,4313929,3917534,396395,9.2
1980,Jan,63.9,57.7,4312467,3893661,418806,9.7
1980,Feb,63.8,57.1,4311656,3861737,449919,10.4
1980,Mar,63.8,56.6,4312171,3824771,487400,11.3
1980,Apr,63.7,56,4312461,3787718,524743,12.2
1980,May,63.7,55.5,4311401,3755447,555954,12.9
1980,Jun,63.7,55.1,4310320,3733327,576993,13.4
1980,Jul,63.6,55,4308289,3723064,585225,13.6
1980,Aug,63.5,55,4303754,3723165,580589,13.5
1980,Sep,63.4,55.1,4297324,3730008,567316,13.2
1980,Oct,63.3,55.2,4291210,3738369,552841,12.9
1980,Nov,63.3,55.3,4288875,3746564,542311,12.6
1980,Dec,63.3,55.4,4292384,3756666,535718,12.5
1981,Jan,63.4,55.6,4300302,3769182,531120,12.4
1981,Feb,63.5,55.8,4308927,3782305,526622,12.2
1981,Mar,63.6,55.9,4314992,3794327,520665,12.1
1981,Apr,63.6,56.1,4316837,3802805,514032,11.9
1981,May,63.6,56.1,4313329,3805420,507909,11.8
1981,Jun,63.4,56,4305527,3801352,504175,11.7
1981,Jul,63.3,55.9,4297270,3790878,506392,11.8
1981,Aug,63.3,55.6,4291716,3775017,516699,12
1981,Sep,63.2,55.4,4289576,3755842,533734,12.4
1981,Oct,63.3,55.1,4290734,3735580,555154,12.9
1981,Nov,63.4,54.8,4292698,3714184,578514,13.5
1981,Dec,63.4,54.5,4293563,3692659,600904,14
1982,Jan,63.4,54.3,4292224,3673778,618446,14.4
1982,Feb,63.4,54.1,4288986,3659276,629710,14.7
1982,Mar,63.3,53.9,4284658,3649341,635317,14.8
1982,Apr,63.3,53.9,4280563,3643885,636678,14.9
1982,May,63.3,53.9,4277647,3641044,636603,14.9
1982,Jun,63.3,53.8,4276299,3637144,639155,14.9
1982,Jul,63.3,53.7,4277464,3630208,647256,15.1
1982,Aug,63.4,53.6,4281878,3620537,661341,15.4
1982,Sep,63.6,53.5,4288618,3609417,679201,15.8
1982,Oct,63.7,53.4,4294571,3598537,696034,16.2
1982,Nov,63.8,53.3,4297412,3590505,706907,16.4
1982,Dec,63.8,53.2,4295103,3586225,708878,16.5
1983,Jan,63.7,53.3,4289101,3586193,702908,16.4
1983,Feb,63.7,53.4,4282617,3592243,690374,16.1
1983,Mar,63.6,53.6,4278098,3604206,673892,15.8
1983,Apr,63.7,53.9,4278830,3621244,657586,15.4
1983,May,63.8,54.2,4285474,3642130,643344,15
1983,Jun,64,54.6,4294733,3665121,629612,14.7
1983,Jul,64.1,55,4302628,3688354,614274,14.3
1983,Aug,64.2,55.3,4305561,3709064,596497,13.9
1983,Sep,64.1,55.5,4302409,3725615,576794,13.4
1983,Oct,64,55.7,4295595,3738932,556663,13
1983,Nov,63.8,55.8,4289109,3750784,538325,12.6
1983,Dec,63.8,56,4287170,3763449,523721,12.2
1984,Jan,63.8,56.2,4292047,3779300,512747,11.9
1984,Feb,64,56.5,4303510,3798557,504953,11.7
1984,Mar,64.2,56.7,4319658,3819547,500111,11.6
1984,Apr,64.4,57,4335572,3839480,496092,11.4
1984,May,64.5,57.2,4348084,3856119,491965,11.3
1984,Jun,64.6,57.4,4355457,3867772,487685,11.2
1984,Jul,64.6,57.5,4356703,3873481,483222,11.1
1984,Aug,64.5,57.4,4354157,3874926,479231,11
1984,Sep,64.5,57.4,4351117,3875112,476005,10.9
1984,Oct,64.4,57.4,4349701,3877075,472626,10.9
1984,Nov,64.4,57.4,4351284,3883026,468258,10.8
1984,Dec,64.4,57.5,4355283,3892628,462655,10.6
1985,Jan,64.4,57.7,4359385,3902602,456783,10.5
1985,Feb,64.4,57.7,4361246,3909305,451941,10.4
1985,Mar,64.3,57.7,4359554,3911336,448218,10.3
1985,Apr,64.2,57.6,4355334,3909641,445693,10.2
1985,May,64.1,57.6,4351006,3906666,444340,10.2
1985,Jun,64,57.5,4349562,3906126,443436,10.2
1985,Jul,64.1,57.6,4352425,3910828,441597,10.1
1985,Aug,64.1,57.7,4357980,3921888,436092,10
1985,Sep,64.1,57.9,4363844,3937331,426513,9.8
1985,Oct,64.1,58,4367809,3953002,414807,9.5
1985,Nov,64.1,58.2,4368279,3965157,403122,9.2
1985,Dec,64,58.2,4366055,3971898,394157,9
1986,Jan,63.9,58.2,4363943,3974008,389935,8.9
1986,Feb,63.9,58.2,4364701,3974203,390498,8.9
1986,Mar,63.9,58.1,4368816,3975145,393671,9
1986,Apr,63.9,58.1,4375290,3978398,396892,9.1
1986,May,64,58.2,4382522,3984511,398011,9.1
1986,Jun,64.1,58.3,4390064,3993605,396459,9
1986,Jul,64.1,58.4,4398077,4005267,392810,8.9
1986,Aug,64.2,58.5,4406967,4018578,388389,8.8
1986,Sep,64.3,58.7,4417173,4033131,384042,8.7
1986,Oct,64.4,58.9,4429069,4048887,380182,8.6
1986,Nov,64.5,59,4441925,4064697,377228,8.5
1986,Dec,64.6,59.2,4455307,4080356,374951,8.4
1987,Jan,64.8,59.4,4468326,4095171,373155,8.4
1987,Feb,64.9,59.5,4480513,4107773,372740,8.3
1987,Mar,65,59.6,4492918,4118173,374745,8.3
1987,Apr,65.1,59.6,4505150,4127062,378088,8.4
1987,May,65.2,59.7,4515436,4134986,380450,8.4
1987,Jun,65.2,59.7,4522235,4141561,380674,8.4
1987,Jul,65.2,59.7,4525348,4146560,378788,8.4
1987,Aug,65.2,59.8,4525727,4149799,375928,8.3
1987,Sep,65.2,59.8,4524960,4151753,373207,8.2
1987,Oct,65.1,59.8,4524446,4152840,371606,8.2
1987,Nov,65.1,59.8,4525787,4154335,371452,8.2
1987,Dec,65.1,59.8,4528905,4156818,372087,8.2
1988,Jan,65.2,59.8,4532310,4160827,371483,8.2
1988,Feb,65.2,59.9,4534678,4167495,367183,8.1
1988,Mar,65.2,60,4535238,4176206,359032,7.9
1988,Apr,65.1,60.1,4535430,4185874,349556,7.7
1988,May,65.1,60.2,4536945,4195865,341080,7.5
1988,Jun,65.2,60.4,4541028,4206260,334768,7.4
1988,Jul,65.2,60.5,4548271,4216900,331371,7.3
1988,Aug,65.4,60.6,4558014,4227535,330479,7.3
1988,Sep,65.5,60.8,4568302,4238129,330173,7.2
1988,Oct,65.6,60.9,4576375,4248230,328145,7.2
1988,Nov,65.7,61,4580584,4257113,323471,7.1
1988,Dec,65.7,61.1,4580413,4263836,316577,6.9
1989,Jan,65.6,61.2,4577317,4267830,309487,6.8
1989,Feb,65.5,61.2,4573285,4268239,305046,6.7
1989,Mar,65.5,61.1,4570198,4266143,304055,6.7
1989,Apr,65.5,61.1,4569208,4262999,306209,6.7
1989,May,65.5,61,4571591,4259753,311838,6.8
1989,Jun,65.5,61,4577806,4257333,320473,7
1989,Jul,65.7,60.9,4586262,4256433,329829,7.2
1989,Aug,65.8,60.9,4595846,4257130,338716,7.4
1989,Sep,65.9,60.9,4605649,4258388,347261,7.5
1989,Oct,66,60.9,4614798,4260219,354579,7.7
1989,Nov,66.1,61,4621376,4262099,359277,7.8
1989,Dec,66.1,61,4624637,4263778,360859,7.8
1990,Jan,66.2,61.1,4624898,4265990,358908,7.8
1990,Feb,66.1,61.1,4622389,4269178,353211,7.6
1990,Mar,66,61.1,4618661,4272819,345842,7.5
1990,Apr,65.9,61.1,4615492,4276018,339474,7.4
1990,May,65.9,61.1,4613372,4278022,335350,7.3
1990,Jun,65.8,61,4611209,4276765,334444,7.3
1990,Jul,65.7,60.9,4608579,4271041,337538,7.3
1990,Aug,65.6,60.7,4604482,4261143,343339,7.5
1990,Sep,65.4,60.4,4598261,4248013,350248,7.6
1990,Oct,65.3,60.2,4591658,4232374,359284,7.8
1990,Nov,65.2,59.9,4587593,4216364,371229,8.1
1990,Dec,65.1,59.6,4587354,4201704,385650,8.4
1991,Jan,65.1,59.4,4590325,4188542,401783,8.8
1991,Feb,65.2,59.2,4595069,4177644,417425,9.1
1991,Mar,65.2,59.1,4597706,4168700,429006,9.3
1991,Apr,65.1,58.9,4595838,4161539,434299,9.4
1991,May,65,58.8,4590716,4157008,433708,9.4
1991,Jun,64.9,58.8,4585178,4156299,428879,9.4
1991,Jul,64.8,58.8,4581862,4159454,422408,9.2
1991,Aug,64.7,58.8,4583262,4165387,417875,9.1
1991,Sep,64.8,58.9,4590516,4172993,417523,9.1
1991,Oct,64.9,59,4602280,4181176,421104,9.1
1991,Nov,65,59,4615956,4189290,426666,9.2
1991,Dec,65.2,59.1,4628745,4197030,431715,9.3
1992,Jan,65.3,59.2,4639519,4204786,434733,9.4
1992,Feb,65.4,59.3,4649041,4212926,436115,9.4
1992,Mar,65.5,59.4,4659477,4222667,436810,9.4
1992,Apr,65.6,59.5,4671340,4234185,437155,9.4
1992,May,65.8,59.6,4682300,4245628,436672,9.3
1992,Jun,65.8,59.7,4690167,4255764,434403,9.3
1992,Jul,65.8,59.8,4694604,4264574,430030,9.2
1992,Aug,65.8,59.9,4695267,4272658,422609,9
1992,Sep,65.7,59.9,4692566,4280871,411695,8.8
1992,Oct,65.6,60,4688140,4290490,397650,8.5
1992,Nov,65.5,60.2,4683584,4301615,381969,8.2
1992,Dec,65.4,60.3,4681373,4314416,366957,7.8
1993,Jan,65.5,60.5,4683851,4329167,354684,7.6
1993,Feb,65.5,60.7,4691287,4345149,346138,7.4
1993,Mar,65.7,60.9,4702725,4361354,341371,7.3
1993,Apr,65.8,61.1,4716377,4376799,339578,7.2
1993,May,66,61.3,4730600,4390744,339856,7.2
1993,Jun,66.2,61.4,4743996,4402628,341368,7.2
1993,Jul,66.3,61.5,4754472,4412031,342441,7.2
1993,Aug,66.3,61.6,4762514,4419891,342623,7.2
1993,Sep,66.4,61.6,4770569,4427950,342619,7.2
1993,Oct,66.5,61.7,4779818,4436892,342926,7.2
1993,Nov,66.6,61.8,4790264,4446594,343670,7.2
1993,Dec,66.7,61.9,4800161,4457015,343146,7.1
1994,Jan,66.7,62,4806248,4467373,338875,7.1
1994,Feb,66.7,62.1,4806463,4476472,329991,6.9
1994,Mar,66.6,62.2,4802080,4483958,318122,6.6
1994,Apr,66.5,62.3,4796455,4491011,305444,6.4
1994,May,66.4,62.4,4793373,4499258,294115,6.1
1994,Jun,66.4,62.5,4795139,4509746,285393,6
1994,Jul,66.5,62.6,4801740,4522658,279082,5.8
1994,Aug,66.5,62.7,4810144,4536378,273766,5.7
1994,Sep,66.6,62.9,4816585,4548733,267852,5.6
1994,Oct,66.5,62.9,4818959,4558367,260592,5.4
1994,Nov,66.5,63,4818057,4564727,253330,5.3
1994,Dec,66.4,63,4815589,4566881,248708,5.2
1995,Jan,66.3,62.9,4813413,4564838,248575,5.2
1995,Feb,66.3,62.8,4813280,4560613,252667,5.2
1995,Mar,66.3,62.7,4814908,4556114,258794,5.4
1995,Apr,66.2,62.6,4816678,4552397,264281,5.5
1995,May,66.2,62.5,4817370,4550729,266641,5.5
1995,Jun,66.1,62.5,4816465,4551474,264991,5.5
1995,Jul,66.1,62.5,4814355,4554084,260271,5.4
1995,Aug,66,62.5,4811726,4557646,254080,5.3
1995,Sep,65.9,62.5,4809222,4561475,247747,5.2
1995,Oct,65.8,62.5,4807930,4565380,242550,5
1995,Nov,65.7,62.5,4808112,4569466,238646,5
1995,Dec,65.7,62.5,4810451,4574074,236377,4.9
1996,Jan,65.7,62.5,4816380,4580249,236131,4.9
1996,Feb,65.8,62.6,4826157,4588632,237525,4.9
1996,Mar,65.9,62.7,4838983,4599198,239785,5
1996,Apr,66.1,62.8,4853218,4611312,241906,5
1996,May,66.2,62.9,4867237,4624220,243017,5
1996,Jun,66.3,63,4879870,4637330,242540,5
1996,Jul,66.4,63.1,4890859,4650160,240699,4.9
1996,Aug,66.5,63.3,4900466,4661926,238540,4.9
1996,Sep,66.5,63.3,4907980,4671137,236843,4.8
1996,Oct,66.6,63.4,4912992,4677242,235750,4.8
1996,Nov,66.6,63.4,4916377,4681622,234755,4.8
1996,Dec,66.6,63.4,4919348,4686391,232957,4.7
1997,Jan,66.6,63.5,4922092,4692375,229717,4.7
1997,Feb,66.6,63.6,4925057,4699936,225121,4.6
1997,Mar,66.7,63.7,4929012,4709700,219312,4.4
1997,Apr,66.7,63.9,4934959,4721344,213615,4.3
1997,May,66.8,64,4942295,4733004,209291,4.2
1997,Jun,66.9,64.1,4950023,4743300,206723,4.2
1997,Jul,67,64.2,4957807,4752198,205609,4.1
1997,Aug,67,64.3,4965717,4760203,205514,4.1
1997,Sep,67.1,64.3,4974171,4768260,205911,4.1
1997,Oct,67.2,64.4,4983040,4776380,206660,4.1
1997,Nov,67.3,64.5,4990629,4783910,206719,4.1
1997,Dec,67.3,64.6,4995855,4791150,204705,4.1
1998,Jan,67.4,64.7,4998715,4798405,200310,4
1998,Feb,67.4,64.7,4999680,4804750,194930,3.9
1998,Mar,67.3,64.8,4998862,4808496,190366,3.8
1998,Apr,67.3,64.8,4997646,4810082,187564,3.8
1998,May,67.3,64.8,4998427,4811148,187279,3.7
1998,Jun,67.3,64.8,5002806,4813258,189548,3.8
1998,Jul,67,63.8,4978001,4743018,234983,4.7
1998,Aug,67.5,64.9,5022223,4824852,197371,3.9
1998,Sep,67.7,65,5035456,4835378,200078,4
1998,Oct,67.8,65.1,5048641,4847797,200844,4
1998,Nov,67.9,65.2,5059927,4859669,200258,4
1998,Dec,68,65.3,5068642,4868811,199831,3.9
1999,Jan,68.1,65.4,5075015,4875165,199850,3.9
1999,Feb,68.1,65.5,5080403,4880765,199638,3.9
1999,Mar,68.2,65.5,5086495,4888187,198308,3.9
1999,Apr,68.3,65.6,5093895,4898154,195741,3.8
1999,May,68.4,65.8,5102267,4910037,192230,3.8
1999,Jun,68.4,65.9,5111670,4922821,188849,3.7
1999,Jul,68.5,66,5121492,4934718,186774,3.6
1999,Aug,68.6,66.1,5130644,4944811,185833,3.6
1999,Sep,68.7,66.2,5138623,4953782,184841,3.6
1999,Oct,68.7,66.3,5145540,4962729,182811,3.6
1999,Nov,68.8,66.4,5152506,4973157,179349,3.5
1999,Dec,68.9,66.5,5159246,4984687,174559,3.4
2000,Jan,68.9,66.7,5164918,4995155,169763,3.3
2000,Feb,69,66.7,5168728,5002034,166694,3.2
2000,Mar,69,66.7,5170682,5003215,167467,3.2
2000,Apr,68.9,66.6,5170777,4998088,172689,3.3
2000,May,68.8,66.4,5168601,4988004,180597,3.5
2000,Jun,68.7,66.2,5163919,4975344,188575,3.7
2000,Jul,68.6,66,5158191,4964025,194166,3.8
2000,Aug,68.5,65.9,5154301,4956926,197375,3.8
2000,Sep,68.4,65.8,5153830,4953944,199886,3.9
2000,Oct,68.4,65.7,5157157,4954002,203155,3.9
2000,Nov,68.5,65.7,5163212,4954548,208664,4
2000,Dec,68.5,65.6,5169633,4952796,216837,4.2
2001,Jan,68.5,65.5,5173580,4946880,226700,4.4
2001,Feb,68.5,65.4,5172477,4936532,235945,4.6
2001,Mar,68.4,65.1,5165199,4922836,242363,4.7
2001,Apr,68.1,64.9,5152596,4907151,245445,4.8
2001,May,67.9,64.6,5137609,4890853,246756,4.8
2001,Jun,67.7,64.4,5122886,4873656,249230,4.9
2001,Jul,67.5,64.1,5110090,4854674,255416,5
2001,Aug,67.3,63.8,5098903,4832582,266321,5.2
2001,Sep,67.1,63.4,5088626,4808346,280280,5.5
2001,Oct,66.9,63,5078861,4783896,294965,5.8
2001,Nov,66.8,62.7,5068791,4761014,307777,6.1
2001,Dec,66.6,62.4,5058690,4741907,316783,6.3
2002,Jan,66.4,62.2,5049203,4727676,321527,6.4
2002,Feb,66.3,62,5040734,4717634,323100,6.4
2002,Mar,66.2,61.9,5033244,4710417,322827,6.4
2002,Apr,66.1,61.8,5027146,4705863,321283,6.4
2002,May,66,61.8,5022531,4703694,318837,6.3
2002,Jun,65.9,61.7,5018516,4703392,315124,6.3
2002,Jul,65.8,61.7,5013844,4703289,310555,6.2
2002,Aug,65.7,61.7,5008678,4702293,306385,6.1
2002,Sep,65.6,61.6,5004318,4699620,304698,6.1
2002,Oct,65.5,61.5,5001102,4694414,306688,6.1
2002,Nov,65.4,61.3,4999820,4687557,312263,6.2
2002,Dec,65.4,61.2,5000840,4679989,320851,6.4
2003,Jan,65.4,61.1,5004991,4673246,331745,6.6
2003,Feb,65.5,61,5012192,4668636,343556,6.9
2003,Mar,65.6,61,5020545,4665883,354662,7.1
2003,Apr,65.7,60.9,5027519,4663278,364241,7.2
2003,May,65.7,60.8,5031626,4659505,372121,7.4
2003,Jun,65.7,60.7,5033495,4655925,377570,7.5
2003,Jul,65.6,60.7,5033568,4654471,379097,7.5
2003,Aug,65.6,60.7,5032418,4656277,376141,7.5
2003,Sep,65.5,60.7,5030998,4661812,369186,7.3
2003,Oct,65.5,60.8,5031172,4670315,360857,7.2
2003,Nov,65.5,60.9,5033577,4680059,353518,7
2003,Dec,65.5,61,5037226,4689115,348111,6.9
2004,Jan,65.5,61.1,5040628,4695510,345118,6.8
2004,Feb,65.6,61.1,5043354,4698603,344751,6.8
2004,Mar,65.6,61.1,5046704,4699794,346910,6.9
2004,Apr,65.6,61.1,5050503,4700593,349910,6.9
2004,May,65.6,61.1,5054199,4701967,352232,7
2004,Jun,65.6,61.1,5058178,4704218,353960,7
2004,Jul,65.7,61.1,5063486,4707116,356370,7
2004,Aug,65.7,61.1,5069021,4709773,359248,7.1
2004,Sep,65.8,61.1,5072960,4710997,361963,7.1
2004,Oct,65.7,61,5074247,4710455,363792,7.2
2004,Nov,65.7,61,5073210,4708856,364354,7.2
2004,Dec,65.7,61,5072249,4707997,364252,7.2
2005,Jan,65.7,61,5072440,4709573,362867,7.2
2005,Feb,65.7,61,5073837,4714126,359711,7.1
2005,Mar,65.7,61.1,5076269,4721611,354658,7
2005,Apr,65.7,61.2,5080167,4731265,348902,6.9
2005,May,65.8,61.3,5084921,4741734,343187,6.7
2005,Jun,65.8,61.4,5088831,4750574,338257,6.6
2005,Jul,65.8,61.5,5090770,4755602,335168,6.6
2005,Aug,65.8,61.5,5090710,4756549,334161,6.6
2005,Sep,65.7,61.4,5089332,4754220,335112,6.6
2005,Oct,65.6,61.3,5087238,4750137,337101,6.6
2005,Nov,65.6,61.2,5085552,4745559,339993,6.7
2005,Dec,65.6,61.1,5084546,4741118,343428,6.8
2006,Jan,65.5,61.1,5084510,4737934,346576,6.8
2006,Feb,65.5,61,5085158,4736004,349154,6.9
2006,Mar,65.5,61,5085590,4733980,351610,6.9
2006,Apr,65.5,61,5084860,4730557,354303,7
2006,May,65.5,60.9,5082566,4725614,356952,7
2006,Jun,65.4,60.8,5078681,4719518,359163,7.1
2006,Jul,65.3,60.7,5074253,4713967,360286,7.1
2006,Aug,65.3,60.6,5071246,4710134,361112,7.1
2006,Sep,65.3,60.6,5069920,4708268,361652,7.1
2006,Oct,65.2,60.6,5069211,4708795,360416,7.1
2006,Nov,65.2,60.6,5067567,4710382,357185,7
2006,Dec,65.1,60.6,5063073,4710625,352448,7
2007,Jan,65,60.6,5055302,4707586,347716,6.9
2007,Feb,64.9,60.5,5045302,4701215,344087,6.8
2007,Mar,64.8,60.4,5033830,4692195,341635,6.8
2007,Apr,64.6,60.2,5022525,4681778,340747,6.8
2007,May,64.5,60.1,5013124,4670905,342219,6.8
2007,Jun,64.4,59.9,5006340,4660472,345868,6.9
2007,Jul,64.3,59.8,5001935,4650839,351096,7
2007,Aug,64.3,59.7,4999204,4642450,356754,7.1
2007,Sep,64.3,59.6,4996814,4635895,360919,7.2
2007,Oct,64.2,59.5,4993215,4630437,362778,7.3
2007,Nov,64.1,59.5,4986772,4625548,361224,7.2
2007,Dec,64,59.4,4977490,4620300,357190,7.2
2008,Jan,63.9,59.3,4966399,4612986,353413,7.1
2008,Feb,63.7,59.2,4954730,4602991,351739,7.1
2008,Mar,63.6,59.1,4944522,4590502,354020,7.2
2008,Apr,63.5,58.9,4936844,4576119,360725,7.3
2008,May,63.5,58.7,4931729,4561016,370713,7.5
2008,Jun,63.4,58.5,4928308,4546189,382119,7.8
2008,Jul,63.4,58.3,4924382,4531843,392539,8
2008,Aug,63.3,58.1,4917986,4515832,402154,8.2
2008,Sep,63.2,57.8,4909036,4494598,414438,8.4
2008,Oct,63,57.5,4898150,4466106,432044,8.8
2008,Nov,62.8,57,4885217,4430745,454472,9.3
2008,Dec,62.7,56.5,4870344,4391564,478780,9.8
2009,Jan,62.9,56,4886407,4351830,534577,10.9
2009,Feb,63.1,55.5,4901958,4314905,587053,12
2009,Mar,63.3,55.1,4917605,4284635,632970,12.9
2009,Apr,63.5,54.9,4932643,4262350,670293,13.6
2009,May,63.7,54.7,4945784,4245768,700016,14.2
2009,Jun,63.8,54.5,4957123,4232085,725038,14.6
2009,Jul,63.5,54.3,4934566,4218622,715944,14.5
2009,Aug,63.2,54.1,4911235,4204918,706317,14.4
2009,Sep,62.9,53.9,4889252,4193120,696132,14.2
2009,Oct,62.6,53.8,4870727,4183935,686792,14.1
2009,Nov,62.5,53.7,4859090,4178597,680493,14
2009,Dec,62.4,53.7,4855255,4178124,677131,13.9
2010,Jan,62.4,53.8,4855813,4182856,672957,13.9
2010,Feb,62.4,53.9,4855867,4190694,665173,13.7
2010,Mar,62.4,54,4852237,4198486,653751,13.5
2010,Apr,62.8,54.5,4843967,4204439,639528,13.2
2010,May,62.6,54.5,4831063,4207937,623126,12.9
2010,Jun,62.4,54.5,4814161,4207785,606376,12.6
2010,Jul,62.1,54.4,4795586,4203795,591791,12.3
2010,Aug,61.8,54.3,4777886,4197604,580282,12.1
2010,Sep,61.6,54.2,4761178,4190675,570503,12
2010,Oct,61.4,54.1,4745388,4185504,559884,11.8
2010,Nov,61.1,54.1,4729812,4183097,546715,11.6
2010,Dec,60.9,54.1,4714537,4182818,531719,11.3
2011,Jan,60.7,54.1,4701777,4183976,517801,11
2011,Feb,60.6,54.1,4691995,4184968,507027,10.8
2011,Mar,60.5,54,4684462,4184534,499928,10.7
2011,Apr,60.4,54,4679264,4182433,496831,10.6
2011,May,60.4,53.9,4677237,4180118,497119,10.6
2011,Jun,60.4,53.9,4678195,4180411,497784,10.6
2011,Jul,60.4,54,4681303,4185550,495753,10.6
2011,Aug,60.4,54.1,4685085,4195308,489777,10.5
2011,Sep,60.4,54.2,4687766,4207816,479950,10.2
2011,Oct,60.4,54.3,4688248,4220674,467574,10
2011,Nov,60.3,54.5,4685490,4231243,454247,9.7
2011,Dec,60.2,54.5,4679866,4238039,441827,9.4
2012,Jan,60.1,54.5,4673008,4240922,432086,9.2
2012,Feb,60,54.5,4667565,4241203,426362,9.1
2012,Mar,60,54.5,4664770,4239532,425238,9.1
2012,Apr,59.9,54.4,4663599,4236729,426870,9.2
2012,May,59.9,54.4,4663931,4235014,428917,9.2
2012,Jun,59.9,54.4,4665410,4235749,429661,9.2
2012,Jul,59.9,54.4,4667492,4239436,428056,9.2
2012,Aug,59.9,54.5,4670977,4245751,425226,9.1
2012,Sep,60,54.5,4677098,4253618,423480,9.1
2012,Oct,60,54.6,4684580,4261214,423366,9
2012,Nov,60.1,54.7,4691792,4267199,424593,9
2012,Dec,60.2,54.7,4697631,4271672,425959,9.1
2013,Jan,60.2,54.7,4703361,4275441,427920,9.1
2013,Feb,60.2,54.8,4706912,4279951,426961,9.1
2013,Mar,60.3,54.9,4711042,4286557,424485,9
2013,Apr,60.3,55,4717423,4295938,421485,8.9
2013,May,60.4,55.1,4724984,4305660,419324,8.9
2013,Jun,60.5,55.1,4732138,4313404,418734,8.8
2013,Jul,60.5,55.2,4737307,4318219,419088,8.8
2013,Aug,60.5,55.2,4737880,4320513,417367,8.8
2013,Sep,60.4,55.2,4734194,4322206,411988,8.7
2013,Oct,60.4,55.2,4730318,4325650,404668,8.6
2013,Nov,60.3,55.3,4729736,4332412,397324,8.4
2013,Dec,60.4,55.4,4732893,4341899,390994,8.3
2014,Jan,60.5,55.6,4744732,4360567,384165,8.1
2014,Feb,60.5,55.7,4751001,4372418,378583,8
2014,Mar,60.6,55.9,4756613,4383816,372797,7.8
2014,Apr,60.6,56,4760159,4393452,366707,7.7
2014,May,60.6,56.1,4761733,4402117,359616,7.6
2014,Jun,60.6,56.2,4762982,4411550,351432,7.4
2014,Jul,60.6,56.3,4764355,4421797,342558,7.2
2014,Aug,60.6,56.4,4766783,4432811,333972,7
2014,Sep,60.6,56.5,4769352,4443750,325602,6.8
2014,Oct,60.6,56.6,4769249,4453135,316114,6.6
2014,Nov,60.5,56.7,4764938,4459823,305115,6.4
2014,Dec,60.5,56.7,4758582,4464293,294289,6.2
2015,Jan,60.4,56.7,4751644,4466114,285530,6
2015,Feb,60.3,56.8,4748095,4468558,279537,5.9
2015,Mar,60.3,56.8,4747543,4472101,275442,5.8
2015,Apr,60.3,56.9,4749308,4477673,271635,5.7
2015,May,60.3,56.9,4751569,4484720,266849,5.6
2015,Jun,60.3,57,4752890,4492149,260741,5.5
2015,Jul,60.3,57.1,4753877,4499799,254078,5.3
2015,Aug,60.3,57.2,4755590,4507911,247679,5.2
2015,Sep,60.3,57.3,4759182,4517377,241805,5.1
2015,Oct,60.4,57.4,4766848,4529361,237487,5
2015,Nov,60.5,57.6,4779293,4543703,235590,4.9
2015,Dec,60.7,57.7,4794185,4558713,235472,4.9
2016,Jan,60.9,57.9,4808390,4572298,236092,4.9
2016,Feb,61,58,4820082,4583086,236996,4.9
2016,Mar,61.1,58.1,4828596,4590759,237837,4.9
2016,Apr,61.2,58.1,4835043,4596255,238788,4.9
2016,May,61.2,58.2,4841159,4601005,240154,5
2016,Jun,61.3,58.2,4847382,4605690,241692,5
2016,Jul,61.3,58.2,4853563,4610543,243020,5
2016,Aug,61.4,58.3,4859508,4615193,244315,5
2016,Sep,61.4,58.3,4865286,4619004,246282,5.1
2016,Oct,61.4,58.3,4869773,4621804,247969,5.1
2016,Nov,61.4,58.3,4872226,4624704,247522,5.1
2016,Dec,61.4,58.3,4872911,4628778,244133,5
2017,Jan,61.4,58.4,4872537,4634443,238094,4.9
2017,Feb,61.4,58.5,4871666,4641291,230375,4.7
2017,Mar,61.3,58.5,4870707,4647704,223003,4.6
2017,Apr,61.3,58.6,4871408,4653371,218037,4.5
2017,May,61.4,58.6,4874830,4658487,216343,4.4
2017,Jun,61.4,58.7,4880622,4662760,217862,4.5
2017,Jul,61.5,58.7,4887810,4665932,221878,4.5
2017,Aug,61.5,58.7,4893887,4667621,226266,4.6
2017,Sep,61.5,58.7,4896914,4668084,228830,4.7
2017,Oct,61.5,58.6,4896847,4668169,228678,4.7
2017,Nov,61.5,58.6,4894842,4668314,226528,4.6
2017,Dec,61.4,58.6,4892769,4669708,223061,4.6
2018,Jan,61.4,58.7,4893013,4673543,219470,4.5
2018,Feb,61.5,58.7,4896797,4680362,216435,4.4
2018,Mar,61.5,58.8,4902556,4689149,213407,4.4
2018,Apr,61.6,58.9,4906354,4696814,209540,4.3
2018,May,61.6,59,4906591,4701549,205042,4.2
2018,Jun,61.5,59,4904788,4704304,200484,4.1
2018,Jul,61.5,59,4902784,4706636,196148,4
2018,Aug,61.5,59,4903662,4710140,193522,3.9
2018,Sep,61.5,59.1,4908817,4715487,193330,3.9
2018,Oct,61.6,59.1,4917430,4722041,195389,4
2018,Nov,61.7,59.2,4927529,4728438,199091,4
2018,Dec,61.8,59.3,4936053,4732540,203513,4.1
2019,Jan,61.9,59.3,4940173,4732779,207394,4.2
2019,Feb,61.8,59.2,4938994,4729147,209847,4.2
2019,Mar,61.8,59.1,4935119,4724022,211097,4.3
2019,Apr,61.7,59.1,4931798,4720814,210984,4.3
2019,May,61.7,59.1,4930397,4721029,209368,4.2
2019,Jun,61.7,59.1,4931142,4724570,206572,4.2
2019,Jul,61.7,59.2,4934220,4731577,202643,4.1
2019,Aug,61.8,59.3,4937225,4739403,197822,4
2019,Sep,61.8,59.3,4939952,4746565,193387,3.9
2019,Oct,61.8,59.4,4941513,4750986,190527,3.9
2019,Nov,61.8,59.4,4941316,4750962,190354,3.9
2019,Dec,61.7,59.4,4941082,4750088,190994,3.9
2020,Jan,61.8,59.5,4946724,4759515,187209,3.8
2020,Feb,61.8,59.6,4950186,4769868,180318,3.6
2020,Mar,61.2,58.6,4902508,4693677,208831,4.3
2020,Apr,57.4,43.6,4591520,3489020,1102500,24
2020,May,59.5,46.8,4762541,3749795,1012746,21.3
2020,Jun,61.7,52.5,4943134,4204658,738476,14.9
2020,Jul,60.1,54.9,4816641,4395253,421388,8.7
2020,Aug,61.3,56,4914058,4488835,425223,8.7
2020,Sep,61,55.8,4890716,4474192,416524,8.5
