Year,Period,labor force participation rate,employment-population ratio,labor force,employment,unemployment,unemployment rate
1976,Jan,65.4,63.2,715752,692137,23615,3.3
1976,Feb,65.3,63.1,715577,691996,23581,3.3
1976,Mar,65.2,63.1,715419,692073,23346,3.3
1976,Apr,65.2,63.1,715705,692831,22874,3.2
1976,May,65.1,63.1,716356,693887,22469,3.1
1976,Jun,65.2,63.1,717505,695246,22259,3.1
1976,Jul,65.2,63.2,718924,696607,22317,3.1
1976,Aug,65.3,63.3,720621,698032,22589,3.1
1976,Sep,65.4,63.4,722566,699705,22861,3.2
1976,Oct,65.6,63.5,724723,701674,23049,3.2
1976,Nov,65.7,63.6,727025,703839,23186,3.2
1976,Dec,65.9,63.8,729311,706015,23296,3.2
1977,Jan,66,63.9,731511,708070,23441,3.2
1977,Feb,66.1,64,733589,709927,23662,3.2
1977,Mar,66.2,64,735463,711533,23930,3.3
1977,Apr,66.3,64.1,737153,712920,24233,3.3
1977,May,66.4,64.2,738769,714145,24624,3.3
1977,Jun,66.5,64.2,740481,715300,25181,3.4
1977,Jul,66.6,64.3,742304,716496,25808,3.5
1977,Aug,66.7,64.3,744138,717740,26398,3.5
1977,Sep,66.8,64.4,745815,718906,26909,3.6
1977,Oct,66.8,64.4,747329,719893,27436,3.7
1977,Nov,66.9,64.4,748742,720739,28003,3.7
1977,Dec,67,64.4,749986,721571,28415,3.8
1978,Jan,67,64.5,750931,722516,28415,3.8
1978,Feb,66.9,64.4,751583,723694,27889,3.7
1978,Mar,66.9,64.5,752126,725193,26933,3.6
1978,Apr,66.9,64.6,752700,727025,25675,3.4
1978,May,66.9,64.8,753351,729091,24260,3.2
1978,Jun,66.9,64.9,754034,731200,22834,3
1978,Jul,66.9,65,754806,733078,21728,2.9
1978,Aug,66.9,65.1,755653,734515,21138,2.8
1978,Sep,66.9,65.1,756410,735472,20938,2.8
1978,Oct,67,65.1,756895,736035,20860,2.8
1978,Nov,66.9,65.1,757112,736368,20744,2.7
1978,Dec,66.9,65.1,757397,736673,20724,2.7
1979,Jan,66.9,65.1,758094,737214,20880,2.8
1979,Feb,67,65.1,759308,738116,21192,2.8
1979,Mar,67,65.1,760923,739300,21623,2.8
1979,Apr,67.2,65.2,762732,740553,22179,2.9
1979,May,67.3,65.3,764496,741637,22859,3
1979,Jun,67.4,65.3,765997,742408,23589,3.1
1979,Jul,67.4,65.3,767100,742893,24207,3.2
1979,Aug,67.4,65.3,767821,743224,24597,3.2
1979,Sep,67.4,65.2,768326,743546,24780,3.2
1979,Oct,67.4,65.2,768780,744034,24746,3.2
1979,Nov,67.4,65.2,769220,744639,24581,3.2
1979,Dec,67.3,65.2,769553,745093,24460,3.2
1980,Jan,67.3,65.2,769732,745059,24673,3.2
1980,Feb,67.3,65.1,769759,744322,25437,3.3
1980,Mar,67.2,64.9,769719,742935,26784,3.5
1980,Apr,67.2,64.7,769679,741139,28540,3.7
1980,May,67.1,64.5,769672,739307,30365,3.9
1980,Jun,67,64.3,769713,737801,31912,4.1
1980,Jul,67,64.1,769807,736871,32936,4.3
1980,Aug,67,64.1,769935,736593,33342,4.3
1980,Sep,67,64.1,770080,736857,33223,4.3
1980,Oct,66.9,64.1,770206,737409,32797,4.3
1980,Nov,66.9,64.1,770363,738121,32242,4.2
1980,Dec,66.8,64.1,770660,738997,31663,4.1
1981,Jan,66.8,64.1,771134,739987,31147,4
1981,Feb,66.8,64.2,771806,741040,30766,4
1981,Mar,66.8,64.2,772619,742059,30560,4
1981,Apr,66.9,64.3,773468,742892,30576,4
1981,May,66.9,64.3,774278,743415,30863,4
1981,Jun,66.9,64.2,775014,743563,31451,4.1
1981,Jul,66.9,64.1,775696,743377,32319,4.2
1981,Aug,67,64.1,776358,742980,33378,4.3
1981,Sep,67,64,777039,742545,34494,4.4
1981,Oct,67.1,64,777788,742185,35603,4.6
1981,Nov,67.1,63.9,778530,741873,36657,4.7
1981,Dec,67.1,63.9,779234,741552,37682,4.8
1982,Jan,67.2,63.8,779938,741166,38772,5
1982,Feb,67.2,63.7,780685,740669,40016,5.1
1982,Mar,67.3,63.7,781505,740119,41386,5.3
1982,Apr,67.3,63.6,782409,739671,42738,5.5
1982,May,67.4,63.6,783379,739468,43911,5.6
1982,Jun,67.4,63.5,784383,739588,44795,5.7
1982,Jul,67.5,63.6,785348,740003,45345,5.8
1982,Aug,67.5,63.6,786327,740588,45739,5.8
1982,Sep,67.5,63.6,787412,741156,46256,5.9
1982,Oct,67.6,63.6,788568,741529,47039,6
1982,Nov,67.7,63.6,789720,741660,48060,6.1
1982,Dec,67.7,63.5,790679,741588,49091,6.2
1983,Jan,67.7,63.4,791232,741460,49772,6.3
1983,Feb,67.6,63.4,791270,741480,49790,6.3
1983,Mar,67.5,63.3,790777,741749,49028,6.2
1983,Apr,67.5,63.4,789909,742301,47608,6
1983,May,67.3,63.4,788844,743076,45768,5.8
1983,Jun,67.2,63.4,787727,743926,43801,5.6
1983,Jul,67,63.4,786743,744688,42055,5.3
1983,Aug,66.9,63.4,786028,745262,40766,5.2
1983,Sep,66.9,63.5,785558,745671,39887,5.1
1983,Oct,66.8,63.4,785279,746067,39212,5
1983,Nov,66.8,63.5,785180,746544,38636,4.9
1983,Dec,66.7,63.5,785255,747161,38094,4.9
1984,Jan,66.7,63.5,785457,747980,37477,4.8
1984,Feb,66.7,63.6,785821,749066,36755,4.7
1984,Mar,66.7,63.7,786504,750493,36011,4.6
1984,Apr,66.8,63.8,787578,752238,35340,4.5
1984,May,66.9,63.9,789110,754203,34907,4.4
1984,Jun,67,64.1,791084,756292,34792,4.4
1984,Jul,67.2,64.2,793188,758371,34817,4.4
1984,Aug,67.4,64.4,795095,760284,34811,4.4
1984,Sep,67.6,64.6,796723,761849,34874,4.4
1984,Oct,67.8,64.8,798107,762950,35157,4.4
1984,Nov,67.9,64.9,799365,763685,35680,4.5
1984,Dec,68.1,65,800672,764238,36434,4.6
1985,Jan,68.2,65,802184,764711,37473,4.7
1985,Feb,68.4,65.1,803783,765080,38703,4.8
1985,Mar,68.6,65.2,805175,765258,39917,5
1985,Apr,68.7,65.2,806144,765229,40915,5.1
1985,May,68.8,65.3,806629,765058,41571,5.2
1985,Jun,68.9,65.3,806707,764805,41902,5.2
1985,Jul,68.9,65.3,806662,764505,42157,5.2
1985,Aug,68.9,65.3,806733,764268,42465,5.3
1985,Sep,68.9,65.2,807006,764231,42775,5.3
1985,Oct,68.9,65.2,807533,764468,43065,5.3
1985,Nov,68.9,65.2,808249,764922,43327,5.4
1985,Dec,68.9,65.2,808962,765484,43478,5.4
1986,Jan,68.9,65.2,809486,766095,43391,5.4
1986,Feb,68.9,65.2,809692,766689,43003,5.3
1986,Mar,68.8,65.2,809504,767171,42333,5.2
1986,Apr,68.7,65.2,808949,767443,41506,5.1
1986,May,68.6,65.2,808155,767507,40648,5
1986,Jun,68.5,65.1,807406,767473,39933,4.9
1986,Jul,68.4,65,806992,767519,39473,4.9
1986,Aug,68.4,65.1,806994,767731,39263,4.9
1986,Sep,68.4,65.1,807324,768097,39227,4.9
1986,Oct,68.5,65.1,807842,768567,39275,4.9
1986,Nov,68.5,65.2,808228,769064,39164,4.8
1986,Dec,68.5,65.2,808303,769557,38746,4.8
1987,Jan,68.4,65.2,808157,770009,38148,4.7
1987,Feb,68.4,65.2,807984,770454,37530,4.6
1987,Mar,68.4,65.3,808040,770989,37051,4.6
1987,Apr,68.5,65.3,808442,771660,36782,4.5
1987,May,68.5,65.4,809144,772464,36680,4.5
1987,Jun,68.6,65.5,809956,773374,36582,4.5
1987,Jul,68.6,65.6,810637,774368,36269,4.5
1987,Aug,68.6,65.6,811091,775410,35681,4.4
1987,Sep,68.6,65.6,811299,776456,34843,4.3
1987,Oct,68.6,65.7,811340,777469,33871,4.2
1987,Nov,68.5,65.7,811386,778415,32971,4.1
1987,Dec,68.5,65.8,811523,779236,32287,4
1988,Jan,68.4,65.8,811650,779943,31707,3.9
1988,Feb,68.4,65.8,811809,780615,31194,3.8
1988,Mar,68.4,65.8,812045,781313,30732,3.8
1988,Apr,68.4,65.8,812388,782085,30303,3.7
1988,May,68.4,65.8,812811,782920,29891,3.7
1988,Jun,68.4,65.9,813292,783795,29497,3.6
1988,Jul,68.4,65.9,813809,784699,29110,3.6
1988,Aug,68.4,66,814293,785635,28658,3.5
1988,Sep,68.4,66,814673,786609,28064,3.4
1988,Oct,68.4,66.1,814873,787572,27301,3.4
1988,Nov,68.4,66.2,814971,788489,26482,3.2
1988,Dec,68.4,66.2,815052,789306,25746,3.2
1989,Jan,68.4,66.3,815161,789984,25177,3.1
1989,Feb,68.4,66.3,815342,790517,24825,3
1989,Mar,68.4,66.3,815622,790963,24659,3
1989,Apr,68.4,66.3,815999,791408,24591,3
1989,May,68.4,66.4,816432,791892,24540,3
1989,Jun,68.4,66.4,816797,792401,24396,3
1989,Jul,68.4,66.4,817044,792877,24167,3
1989,Aug,68.4,66.4,817208,793331,23877,2.9
1989,Sep,68.4,66.4,817362,793866,23496,2.9
1989,Oct,68.4,66.5,817574,794624,22950,2.8
1989,Nov,68.4,66.6,817950,795697,22253,2.7
1989,Dec,68.5,66.7,818625,797132,21493,2.6
1990,Jan,71,69.2,819635,798886,20749,2.5
1990,Feb,71,69.3,820807,800747,20060,2.4
1990,Mar,71,69.3,822001,802490,19511,2.4
1990,Apr,71,69.4,823084,803942,19142,2.3
1990,May,71,69.3,823995,805020,18975,2.3
1990,Jun,70.9,69.3,824760,805788,18972,2.3
1990,Jul,70.9,69.3,825449,806437,19012,2.3
1990,Aug,71,69.3,826177,807125,19052,2.3
1990,Sep,71,69.3,827074,807897,19177,2.3
1990,Oct,71,69.3,828160,808760,19400,2.3
1990,Nov,71,69.3,829352,809698,19654,2.4
1990,Dec,71.1,69.4,830486,810578,19908,2.4
1991,Jan,71.1,69.4,831478,811223,20255,2.4
1991,Feb,71.2,69.4,832322,811631,20691,2.5
1991,Mar,71.2,69.4,833086,811930,21156,2.5
1991,Apr,71.2,69.4,833952,812343,21609,2.6
1991,May,71.2,69.4,835016,813054,21962,2.6
1991,Jun,71.3,69.4,836191,813966,22225,2.7
1991,Jul,71.3,69.4,837303,814820,22483,2.7
1991,Aug,71.3,69.4,838230,815473,22757,2.7
1991,Sep,71.3,69.3,838929,815904,23025,2.7
1991,Oct,71.2,69.3,839460,816156,23304,2.8
1991,Nov,71.2,69.2,839881,816322,23559,2.8
1991,Dec,71.2,69.2,840331,816599,23732,2.8
1992,Jan,71.1,69.1,841027,817204,23823,2.8
1992,Feb,71.2,69.2,842089,818180,23909,2.8
1992,Mar,71.3,69.2,843397,819371,24026,2.8
1992,Apr,71.3,69.3,844767,820559,24208,2.9
1992,May,71.3,69.3,846104,821643,24461,2.9
1992,Jun,71.4,69.3,847414,822717,24697,2.9
1992,Jul,71.4,69.3,848634,823866,24768,2.9
1992,Aug,71.4,69.3,849693,825030,24663,2.9
1992,Sep,71.4,69.4,850561,826106,24455,2.9
1992,Oct,71.3,69.3,851344,827069,24275,2.9
1992,Nov,71.4,69.4,852217,827985,24232,2.8
1992,Dec,71.4,69.4,853335,828973,24362,2.9
1993,Jan,71.5,69.4,854724,830142,24582,2.9
1993,Feb,71.5,69.5,856339,831566,24773,2.9
1993,Mar,71.7,69.6,858141,833305,24836,2.9
1993,Apr,71.7,69.7,860004,835314,24690,2.9
1993,May,71.8,69.8,861781,837450,24331,2.8
1993,Jun,71.9,69.9,863440,839572,23868,2.8
1993,Jul,71.9,70,865038,841614,23424,2.7
1993,Aug,72,70.1,866666,843606,23060,2.7
1993,Sep,72.1,70.2,868483,845658,22825,2.6
1993,Oct,72.2,70.3,870592,847772,22820,2.6
1993,Nov,72.4,70.4,872908,849839,23069,2.6
1993,Dec,72.5,70.5,875264,851807,23457,2.7
1994,Jan,72.6,70.6,877514,853703,23811,2.7
1994,Feb,72.7,70.8,879538,855568,23970,2.7
1994,Mar,72.8,70.8,881260,857376,23884,2.7
1994,Apr,72.9,71,882674,859074,23600,2.7
1994,May,72.9,71,883868,860619,23249,2.6
1994,Jun,73,71.1,885019,862060,22959,2.6
1994,Jul,73,71.1,886389,863533,22856,2.6
1994,Aug,73.1,71.2,888097,865094,23003,2.6
1994,Sep,73.1,71.2,890008,866745,23263,2.6
1994,Oct,73.2,71.2,891857,868490,23367,2.6
1994,Nov,73.2,71.3,893536,870315,23221,2.6
1994,Dec,73.3,71.4,894987,872021,22966,2.6
1995,Jan,73.3,71.4,896167,873387,22780,2.5
1995,Feb,73.3,71.4,897138,874354,22784,2.5
1995,Mar,73.3,71.4,898086,875083,23003,2.6
1995,Apr,73.3,71.4,899174,875809,23365,2.6
1995,May,73.3,71.4,900471,876690,23781,2.6
1995,Jun,73.3,71.4,901878,877755,24123,2.7
1995,Jul,73.4,71.4,903210,878887,24323,2.7
1995,Aug,73.4,71.4,904382,880007,24375,2.7
1995,Sep,73.4,71.4,905456,881062,24394,2.7
1995,Oct,73.3,71.4,906534,882033,24501,2.7
1995,Nov,73.4,71.4,907626,882935,24691,2.7
1995,Dec,73.4,71.4,908728,883830,24898,2.7
1996,Jan,73.4,71.4,909863,884800,25063,2.8
1996,Feb,73.5,71.4,911003,885797,25206,2.8
1996,Mar,73.5,71.4,912049,886715,25334,2.8
1996,Apr,73.4,71.4,912913,887499,25414,2.8
1996,May,73.4,71.4,913611,888224,25387,2.8
1996,Jun,73.4,71.3,914236,888964,25272,2.8
1996,Jul,73.4,71.3,914869,889785,25084,2.7
1996,Aug,73.3,71.3,915525,890684,24841,2.7
1996,Sep,73.3,71.3,916164,891529,24635,2.7
1996,Oct,73.3,71.3,916749,892252,24497,2.7
1996,Nov,73.2,71.3,917257,892860,24397,2.7
1996,Dec,73.3,71.3,917697,893423,24274,2.6
1997,Jan,73.2,71.3,918128,894014,24114,2.6
1997,Feb,73.3,71.4,918584,894704,23880,2.6
1997,Mar,73.3,71.4,919069,895502,23567,2.6
1997,Apr,73.3,71.4,919624,896342,23282,2.5
1997,May,73.2,71.4,920256,897159,23097,2.5
1997,Jun,73.3,71.4,920904,897914,22990,2.5
1997,Jul,73.2,71.4,921559,898653,22906,2.5
1997,Aug,73.2,71.4,922210,899417,22793,2.5
1997,Sep,73.3,71.5,922819,900257,22562,2.4
1997,Oct,73.2,71.5,923408,901125,22283,2.4
1997,Nov,73.3,71.5,924020,901949,22071,2.4
1997,Dec,73.2,71.5,924696,902741,21955,2.4
1998,Jan,73.3,71.6,925372,903447,21925,2.4
1998,Feb,73.3,71.6,926098,904100,21998,2.4
1998,Mar,73.3,71.6,926942,904738,22204,2.4
1998,Apr,73.4,71.6,927871,905378,22493,2.4
1998,May,73.5,71.6,928885,906040,22845,2.5
1998,Jun,73.5,71.6,930035,906754,23281,2.5
1998,Jul,73.6,71.7,931363,907552,23811,2.6
1998,Aug,73.6,71.7,932803,908401,24402,2.6
1998,Sep,73.6,71.7,934191,909215,24976,2.7
1998,Oct,73.7,71.7,935270,909871,25399,2.7
1998,Nov,73.7,71.7,935863,910254,25609,2.7
1998,Dec,73.7,71.7,935947,910276,25671,2.7
1999,Jan,73.6,71.6,935662,910005,25657,2.7
1999,Feb,73.5,71.5,935282,909648,25634,2.7
1999,Mar,73.5,71.5,935117,909463,25654,2.7
1999,Apr,73.5,71.4,935429,909652,25777,2.8
1999,May,73.5,71.5,936194,910198,25996,2.8
1999,Jun,73.5,71.5,937175,910935,26240,2.8
1999,Jul,73.5,71.4,938093,911648,26445,2.8
1999,Aug,73.6,71.5,938822,912258,26564,2.8
1999,Sep,73.5,71.5,939413,912825,26588,2.8
1999,Oct,73.5,71.4,939993,913468,26525,2.8
1999,Nov,73.5,71.5,940673,914297,26376,2.8
1999,Dec,73.5,71.5,941505,915298,26207,2.8
2000,Jan,73.6,71.6,942509,916413,26096,2.8
2000,Feb,73.6,71.6,943486,917439,26047,2.8
2000,Mar,73.7,71.6,944246,918174,26072,2.8
2000,Apr,73.7,71.7,944725,918565,26160,2.8
2000,May,73.7,71.6,944948,918661,26287,2.8
2000,Jun,73.7,71.6,945069,918588,26481,2.8
2000,Jul,73.6,71.5,945175,918460,26715,2.8
2000,Aug,73.6,71.5,945312,918383,26929,2.8
2000,Sep,73.6,71.5,945539,918444,27095,2.9
2000,Oct,73.6,71.4,945921,918702,27219,2.9
2000,Nov,73.6,71.4,946489,919151,27338,2.9
2000,Dec,73.6,71.5,947214,919752,27462,2.9
2001,Jan,73.6,71.5,948001,920388,27613,2.9
2001,Feb,73.7,71.5,948799,920951,27848,2.9
2001,Mar,73.7,71.5,949568,921394,28174,3
2001,Apr,73.7,71.5,950221,921676,28545,3
2001,May,73.7,71.5,950704,921774,28930,3
2001,Jun,73.7,71.4,950997,921707,29290,3.1
2001,Jul,73.7,71.4,951246,921582,29664,3.1
2001,Aug,73.7,71.3,951491,921354,30137,3.2
2001,Sep,73.6,71.2,951671,920921,30750,3.2
2001,Oct,73.6,71.1,951777,920293,31484,3.3
2001,Nov,73.5,71.1,951842,919545,32297,3.4
2001,Dec,73.5,71,951927,918819,33108,3.5
2002,Jan,73.5,70.9,952087,918250,33837,3.6
2002,Feb,73.5,70.8,952343,917928,34415,3.6
2002,Mar,73.5,70.8,952657,917864,34793,3.7
2002,Apr,73.5,70.8,953028,918045,34983,3.7
2002,May,73.5,70.8,953464,918455,35009,3.7
2002,Jun,73.5,70.8,953892,918981,34911,3.7
2002,Jul,73.5,70.8,954209,919438,34771,3.6
2002,Aug,73.4,70.8,954553,919876,34677,3.6
2002,Sep,73.4,70.8,955159,920464,34695,3.6
2002,Oct,73.4,70.8,956071,921205,34866,3.6
2002,Nov,73.5,70.8,957299,922076,35223,3.7
2002,Dec,73.6,70.8,958774,923020,35754,3.7
2003,Jan,73.7,70.9,960375,923966,36409,3.8
2003,Feb,73.8,70.9,961921,924812,37109,3.9
2003,Mar,73.8,70.9,963202,925434,37768,3.9
2003,Apr,73.9,70.9,964019,925722,38297,4
2003,May,73.9,70.9,964367,925724,38643,4
2003,Jun,73.8,70.8,964462,925664,38798,4
2003,Jul,73.8,70.8,964497,925766,38731,4
2003,Aug,73.7,70.8,964602,926132,38470,4
2003,Sep,73.7,70.8,964837,926710,38127,4
2003,Oct,73.7,70.8,965264,927414,37850,3.9
2003,Nov,73.7,70.8,965811,928126,37685,3.9
2003,Dec,73.7,70.8,966352,928747,37605,3.9
2004,Jan,73.7,70.9,966815,929255,37560,3.9
2004,Feb,73.7,70.9,967206,929732,37474,3.9
2004,Mar,73.7,70.9,967635,930319,37316,3.9
2004,Apr,73.7,70.9,968220,931086,37134,3.8
2004,May,73.8,70.9,968978,931977,37001,3.8
2004,Jun,73.8,71,969816,932846,36970,3.8
2004,Jul,73.8,71,970609,933575,37034,3.8
2004,Aug,73.8,71,971255,934054,37201,3.8
2004,Sep,73.8,70.9,971711,934270,37441,3.9
2004,Oct,73.8,70.9,972060,934335,37725,3.9
2004,Nov,73.8,70.9,972412,934367,38045,3.9
2004,Dec,73.7,70.8,972840,934461,38379,3.9
2005,Jan,73.7,70.8,973270,934650,38620,4
2005,Feb,73.7,70.8,973600,934917,38683,4
2005,Mar,73.7,70.8,973729,935209,38520,4
2005,Apr,73.7,70.8,973600,935488,38112,3.9
2005,May,73.6,70.8,973270,935737,37533,3.9
2005,Jun,73.5,70.7,972860,935952,36908,3.8
2005,Jul,73.4,70.7,972608,936131,36477,3.8
2005,Aug,73.4,70.7,972535,936276,36259,3.7
2005,Sep,73.3,70.6,972447,936413,36034,3.7
2005,Oct,73.2,70.5,972170,936574,35596,3.7
2005,Nov,73.1,70.5,971620,936774,34846,3.6
2005,Dec,73,70.5,970820,937001,33819,3.5
2006,Jan,72.9,70.5,969913,937279,32634,3.4
2006,Feb,72.8,70.5,969094,937614,31480,3.2
2006,Mar,72.8,70.5,968545,937971,30574,3.2
2006,Apr,72.7,70.5,968390,938339,30051,3.1
2006,May,72.7,70.5,968635,938714,29921,3.1
2006,Jun,72.7,70.5,969137,939105,30032,3.1
2006,Jul,72.7,70.5,969750,939590,30160,3.1
2006,Aug,72.7,70.5,970387,940231,30156,3.1
2006,Sep,72.7,70.5,971127,941002,30125,3.1
2006,Oct,72.7,70.5,971855,941829,30026,3.1
2006,Nov,72.7,70.5,972389,942675,29714,3.1
2006,Dec,72.7,70.5,972726,943522,29204,3
2007,Jan,72.7,70.6,973057,944359,28698,2.9
2007,Feb,72.7,70.6,973588,945209,28379,2.9
2007,Mar,72.7,70.6,974440,946126,28314,2.9
2007,Apr,72.8,70.7,975653,947148,28505,2.9
2007,May,72.9,70.7,977120,948251,28869,3
2007,Jun,72.9,70.8,978752,949359,29393,3
2007,Jul,73,70.8,980252,950331,29921,3.1
2007,Aug,73,70.8,981399,951156,30243,3.1
2007,Sep,73.1,70.8,982217,951943,30274,3.1
2007,Oct,73.1,70.8,982894,952793,30101,3.1
2007,Nov,73.1,70.8,983700,953760,29940,3
2007,Dec,73.1,70.9,984682,954836,29846,3
2008,Jan,73.1,70.9,985723,955901,29822,3
2008,Feb,73.2,71,986724,956786,29938,3
2008,Mar,73.2,71,987607,957358,30249,3.1
2008,Apr,73.2,70.9,988275,957550,30725,3.1
2008,May,73.2,70.9,988760,957465,31295,3.2
2008,Jun,73.2,70.8,989173,957288,31885,3.2
2008,Jul,73.2,70.8,989687,957160,32527,3.3
2008,Aug,73.2,70.7,990467,957058,33409,3.4
2008,Sep,73.2,70.6,991334,956830,34504,3.5
2008,Oct,73.2,70.6,992102,956336,35766,3.6
2008,Nov,73.2,70.4,992662,955427,37235,3.8
2008,Dec,73.2,70.3,993023,954045,38978,3.9
2009,Jan,73.1,70.1,993134,952258,40876,4.1
2009,Feb,73.1,69.9,993007,950308,42699,4.3
2009,Mar,73,69.8,992757,948491,44266,4.5
2009,Apr,73,69.6,992535,947009,45526,4.6
2009,May,72.9,69.5,992365,945900,46465,4.7
2009,Jun,72.8,69.4,992148,945116,47032,4.7
2009,Jul,72.7,69.3,991818,944539,47279,4.8
2009,Aug,72.6,69.2,991328,944012,47316,4.8
2009,Sep,72.5,69.1,990799,943468,47331,4.8
2009,Oct,72.4,69,990411,942901,47510,4.8
2009,Nov,72.4,68.9,990228,942436,47792,4.8
2009,Dec,72.3,68.8,990253,942250,48003,4.8
2010,Jan,72.3,68.8,990571,942479,48092,4.9
2010,Feb,72.3,68.8,991163,943140,48023,4.8
2010,Mar,72.3,68.8,991850,944146,47704,4.8
2010,Apr,71.5,68.1,992450,945347,47103,4.7
2010,May,71.5,68.2,992876,946557,46319,4.7
2010,Jun,71.5,68.2,993203,947587,45616,4.6
2010,Jul,71.4,68.2,993503,948377,45126,4.5
2010,Aug,71.4,68.2,993853,948999,44854,4.5
2010,Sep,71.4,68.2,994284,949521,44763,4.5
2010,Oct,71.4,68.2,994820,950047,44773,4.5
2010,Nov,71.4,68.2,995539,950702,44837,4.5
2010,Dec,71.4,68.2,996477,951543,44934,4.5
2011,Jan,71.5,68.3,997569,952553,45016,4.5
2011,Feb,71.5,68.3,998640,953632,45008,4.5
2011,Mar,71.6,68.4,999604,954698,44906,4.5
2011,Apr,71.6,68.4,1000483,955737,44746,4.5
2011,May,71.6,68.4,1001361,956782,44579,4.5
2011,Jun,71.6,68.5,1002264,957893,44371,4.4
2011,Jul,71.7,68.5,1003308,959144,44164,4.4
2011,Aug,71.7,68.6,1004521,960555,43966,4.4
2011,Sep,71.7,68.6,1005810,962115,43695,4.3
2011,Oct,71.8,68.7,1007072,963766,43306,4.3
2011,Nov,71.8,68.8,1008200,965397,42803,4.2
2011,Dec,71.8,68.8,1009155,966920,42235,4.2
2012,Jan,71.9,68.9,1009980,968337,41643,4.1
2012,Feb,71.9,68.9,1010781,969660,41121,4.1
2012,Mar,71.9,69,1011635,970874,40761,4
2012,Apr,71.9,69,1012540,971999,40541,4
2012,May,71.9,69.1,1013516,973082,40434,4
2012,Jun,72,69.1,1014563,974158,40405,4
2012,Jul,72,69.1,1015617,975232,40385,4
2012,Aug,72,69.1,1016654,976300,40354,4
2012,Sep,72,69.2,1017753,977347,40406,4
2012,Oct,72,69.2,1018741,978283,40458,4
2012,Nov,72.1,69.2,1019439,978999,40440,4
2012,Dec,72,69.2,1019812,979480,40332,4
2013,Jan,72,69.2,1019936,979763,40173,3.9
2013,Feb,72,69.2,1019913,979931,39982,3.9
2013,Mar,72,69.1,1019828,980071,39757,3.9
2013,Apr,71.9,69.1,1019729,980226,39503,3.9
2013,May,71.9,69.1,1019559,980340,39219,3.8
2013,Jun,71.8,69.1,1019251,980370,38881,3.8
2013,Jul,71.7,69,1018741,980287,38454,3.8
2013,Aug,71.6,68.9,1017998,980104,37894,3.7
2013,Sep,71.5,68.9,1017086,979887,37199,3.7
2013,Oct,71.4,68.8,1016348,979736,36612,3.6
2013,Nov,71.3,68.8,1015997,979703,36294,3.6
2013,Dec,71.3,68.7,1015897,979743,36154,3.6
2014,Jan,71.2,68.6,1014757,978822,35935,3.5
2014,Feb,71.1,68.6,1014563,978828,35735,3.5
2014,Mar,71,68.6,1014074,978669,35405,3.5
2014,Apr,70.9,68.5,1013244,978319,34925,3.4
2014,May,70.8,68.4,1012164,977880,34284,3.4
2014,Jun,70.7,68.3,1011009,977472,33537,3.3
2014,Jul,70.6,68.3,1009947,977155,32792,3.2
2014,Aug,70.5,68.2,1009109,976965,32144,3.2
2014,Sep,70.4,68.2,1008462,976879,31583,3.1
2014,Oct,70.3,68.1,1007821,976836,30985,3.1
2014,Nov,70.2,68.1,1007099,976775,30324,3
2014,Dec,70.1,68,1006442,976659,29783,3
2015,Jan,70,68,1005660,976214,29446,2.9
2015,Feb,70,67.9,1005327,975984,29343,2.9
2015,Mar,69.9,67.9,1005252,975810,29442,2.9
2015,Apr,69.9,67.9,1005480,975754,29726,3
2015,May,69.9,67.8,1005922,975826,30096,3
2015,Jun,69.9,67.8,1006479,976017,30462,3
2015,Jul,69.9,67.8,1007090,976350,30740,3.1
2015,Aug,69.9,67.8,1007685,976804,30881,3.1
2015,Sep,69.9,67.7,1008201,977314,30887,3.1
2015,Oct,69.9,67.7,1008660,977838,30822,3.1
2015,Nov,69.8,67.7,1009071,978329,30742,3
2015,Dec,69.8,67.7,1009388,978736,30652,3
2016,Jan,69.8,67.7,1009609,979019,30590,3
2016,Feb,69.8,67.6,1009726,979150,30576,3
2016,Mar,69.7,67.6,1009703,979103,30600,3
2016,Apr,69.7,67.5,1009604,978924,30680,3
2016,May,69.6,67.5,1009547,978707,30840,3.1
2016,Jun,69.6,67.4,1009516,978492,31024,3.1
2016,Jul,69.5,67.4,1009430,978254,31176,3.1
2016,Aug,69.5,67.3,1009265,977964,31301,3.1
2016,Sep,69.4,67.2,1009081,977669,31412,3.1
2016,Oct,69.3,67.2,1008864,977448,31416,3.1
2016,Nov,69.3,67.1,1008654,977413,31241,3.1
2016,Dec,69.2,67.1,1008562,977642,30920,3.1
2017,Jan,69.2,67.1,1008670,978150,30520,3
2017,Feb,69.2,67.1,1008992,978897,30095,3
2017,Mar,69.2,67.2,1009492,979770,29722,2.9
2017,Apr,69.2,67.2,1010113,980653,29460,2.9
2017,May,69.2,67.2,1010770,981453,29317,2.9
2017,Jun,69.2,67.2,1011431,982150,29281,2.9
2017,Jul,69.2,67.2,1012125,982812,29313,2.9
2017,Aug,69.2,67.2,1012820,983490,29330,2.9
2017,Sep,69.2,67.2,1013521,984192,29329,2.9
2017,Oct,69.3,67.2,1014299,984933,29366,2.9
2017,Nov,69.3,67.3,1015169,985709,29460,2.9
2017,Dec,69.3,67.3,1016118,986561,29557,2.9
2018,Jan,69.3,67.3,1017168,987524,29644,2.9
2018,Feb,69.4,67.4,1018343,988614,29729,2.9
2018,Mar,69.4,67.4,1019584,989813,29771,2.9
2018,Apr,69.5,67.5,1020765,991044,29721,2.9
2018,May,69.5,67.5,1021856,992226,29630,2.9
2018,Jun,69.6,67.5,1022900,993341,29559,2.9
2018,Jul,69.6,67.6,1023930,994373,29557,2.9
2018,Aug,69.6,67.6,1025032,995357,29675,2.9
2018,Sep,69.6,67.6,1026227,996357,29870,2.9
2018,Oct,69.7,67.6,1027492,997335,30157,2.9
2018,Nov,69.7,67.7,1028753,998218,30535,3
2018,Dec,69.8,67.7,1029900,998950,30950,3
2019,Jan,69.8,67.7,1030858,999512,31346,3
2019,Feb,69.8,67.7,1031617,999943,31674,3.1
2019,Mar,69.9,67.7,1032289,1000359,31930,3.1
2019,Apr,69.9,67.7,1032977,1000895,32082,3.1
2019,May,69.9,67.7,1033738,1001634,32104,3.1
2019,Jun,69.9,67.7,1034636,1002586,32050,3.1
2019,Jul,69.9,67.8,1035771,1003867,31904,3.1
2019,Aug,70,67.8,1036782,1005104,31678,3.1
2019,Sep,70,67.9,1037715,1006262,31453,3
2019,Oct,70,67.9,1038333,1007091,31242,3
2019,Nov,69.9,67.8,1038315,1007168,31147,3
2019,Dec,69.9,67.8,1038216,1007064,31152,3
2020,Jan,70,67.9,1040313,1009700,30613,2.9
2020,Feb,70.1,68.1,1042449,1012433,30016,2.9
2020,Mar,71.4,68.6,1062553,1019925,42628,4
2020,Apr,71.2,65,1059547,966909,92638,8.7
2020,May,69.3,65.6,1031135,976313,54822,5.3
2020,Jun,70.1,66.2,1044038,986307,57731,5.5
2020,Jul,70.2,66.8,1046974,995757,51217,4.9
2020,Aug,69.6,66.8,1038528,997090,41438,4
2020,Sep,69.2,66.8,1033570,997237,36333,3.5
