Year,Period,labor force participation rate,employment-population ratio,labor force,employment,unemployment,unemployment rate
1976,Jan,66.6,62.3,2596329,2428430,167899,6.5
1976,Feb,66.5,62.2,2595355,2427272,168083,6.5
1976,Mar,66.4,62.1,2595712,2428876,166836,6.4
1976,Apr,66.3,62.2,2599283,2436634,162649,6.3
1976,May,66.3,62.3,2604867,2446767,158100,6.1
1976,Jun,66.4,62.5,2611298,2456438,154860,5.9
1976,Jul,66.4,62.5,2616425,2462323,154102,5.9
1976,Aug,66.4,62.4,2619902,2463670,156232,6
1976,Sep,66.3,62.2,2621444,2461795,159649,6.1
1976,Oct,66.1,62,2621194,2458088,163106,6.2
1976,Nov,66,61.8,2620587,2454684,165903,6.3
1976,Dec,65.9,61.7,2621032,2454099,166933,6.4
1977,Jan,65.9,61.7,2624989,2458498,166491,6.3
1977,Feb,65.9,61.8,2633368,2468219,165149,6.3
1977,Mar,66.1,62,2644931,2481595,163336,6.2
1977,Apr,66.3,62.3,2658598,2496789,161809,6.1
1977,May,66.5,62.5,2673066,2512115,160951,6
1977,Jun,66.8,62.8,2687046,2526055,160991,6
1977,Jul,67,63,2699832,2538695,161137,6
1977,Aug,67.1,63.2,2711584,2550986,160598,5.9
1977,Sep,67.3,63.4,2722700,2563719,158981,5.8
1977,Oct,67.4,63.6,2732306,2576642,155664,5.7
1977,Nov,67.5,63.8,2739273,2588972,150301,5.5
1977,Dec,67.5,63.9,2743373,2599533,143840,5.2
1978,Jan,67.4,64,2745260,2608349,136911,5
1978,Feb,67.3,64.1,2746283,2615780,130503,4.8
1978,Mar,67.2,64.1,2747853,2622037,125816,4.6
1978,Apr,67.2,64.2,2750671,2627794,122877,4.5
1978,May,67.2,64.2,2755167,2633936,121231,4.4
1978,Jun,67.2,64.2,2760638,2640652,119986,4.3
1978,Jul,67.2,64.3,2765998,2646913,119085,4.3
1978,Aug,67.2,64.3,2770674,2651981,118693,4.3
1978,Sep,67.2,64.3,2775125,2656367,118758,4.3
1978,Oct,67.2,64.3,2781236,2661152,120084,4.3
1978,Nov,67.3,64.3,2789401,2666419,122982,4.4
1978,Dec,67.4,64.3,2797544,2670564,126980,4.5
1979,Jan,67.4,64.3,2803000,2672026,130974,4.7
1979,Feb,67.3,64.1,2804438,2670996,133442,4.8
1979,Mar,67.2,64,2802268,2668756,133512,4.8
1979,Apr,67,63.8,2798287,2666310,131977,4.7
1979,May,66.8,63.7,2795182,2664961,130221,4.7
1979,Jun,66.7,63.6,2794892,2665500,129392,4.6
1979,Jul,66.7,63.6,2798704,2668871,129833,4.6
1979,Aug,66.7,63.6,2806660,2675064,131596,4.7
1979,Sep,66.8,63.6,2817075,2682527,134548,4.8
1979,Oct,66.9,63.7,2827308,2689701,137607,4.9
1979,Nov,67,63.7,2835694,2695440,140254,4.9
1979,Dec,67,63.6,2842242,2699034,143208,5
1980,Jan,67,63.5,2847007,2699371,147636,5.2
1980,Feb,66.9,63.3,2850206,2695353,154853,5.4
1980,Mar,66.8,62.9,2852358,2687046,165312,5.8
1980,Apr,66.7,62.5,2853483,2676067,177416,6.2
1980,May,66.6,62.2,2853707,2664880,188827,6.6
1980,Jun,66.5,61.9,2854109,2656498,197611,6.9
1980,Jul,66.4,61.7,2854497,2652401,202096,7.1
1980,Aug,66.3,61.6,2854310,2652660,201650,7.1
1980,Sep,66.2,61.6,2854335,2656712,197623,6.9
1980,Oct,66.2,61.7,2855809,2663213,192596,6.7
1980,Nov,66.2,61.8,2860348,2671779,188569,6.6
1980,Dec,66.3,62,2869306,2683097,186209,6.5
1981,Jan,66.5,62.2,2882321,2696568,185753,6.4
1981,Feb,66.7,62.5,2896366,2710591,185775,6.4
1981,Mar,66.9,62.7,2908060,2723978,184082,6.3
1981,Apr,67,62.8,2914514,2734553,179961,6.2
1981,May,66.9,62.9,2914216,2740285,173931,6
1981,Jun,66.6,62.8,2908443,2741148,167295,5.8
1981,Jul,66.4,62.6,2900431,2738070,162361,5.6
1981,Aug,66.1,62.4,2892899,2732204,160695,5.6
1981,Sep,65.9,62.2,2887097,2724976,162121,5.6
1981,Oct,66.9,61.9,2933640,2717519,216121,7.4
1981,Nov,67,61.7,2945809,2709304,236505,8
1981,Dec,67,61.4,2946993,2700438,246555,8.4
1982,Jan,66.8,61.1,2944406,2692400,252006,8.6
1982,Feb,66.7,60.9,2941209,2685993,255216,8.7
1982,Mar,66.5,60.7,2938740,2680874,257866,8.8
1982,Apr,66.4,60.5,2937786,2677426,260360,8.9
1982,May,66.3,60.4,2938167,2675379,262788,8.9
1982,Jun,66.3,60.3,2938471,2672854,265617,9
1982,Jul,66.2,60.1,2937911,2668673,269238,9.2
1982,Aug,66.1,59.9,2936547,2662886,273661,9.3
1982,Sep,66,59.7,2934547,2655620,278927,9.5
1982,Oct,65.8,59.4,2931554,2647232,284322,9.7
1982,Nov,65.7,59.2,2928046,2639035,289011,9.9
1982,Dec,65.5,59,2923572,2631397,292175,10
1983,Jan,65.4,58.8,2918516,2624923,293593,10.1
1983,Feb,65.2,58.7,2914754,2622065,292689,10
1983,Mar,65.2,58.7,2913697,2624599,289098,9.9
1983,Apr,65.2,58.8,2917105,2633181,283924,9.7
1983,May,65.3,59.1,2925204,2647154,278050,9.5
1983,Jun,65.5,59.4,2936591,2664988,271603,9.2
1983,Jul,65.7,59.8,2949195,2684649,264546,9
1983,Aug,65.9,60.1,2960610,2703511,257099,8.7
1983,Sep,65.9,60.4,2968916,2720080,248836,8.4
1983,Oct,66,60.6,2973935,2734592,239343,8
1983,Nov,65.9,60.8,2976909,2747800,229109,7.7
1983,Dec,65.9,61,2980326,2761284,219042,7.3
1984,Jan,65.9,61.3,2986564,2776641,209923,7
1984,Feb,66,61.6,2996211,2793476,202735,6.8
1984,Mar,66.2,61.8,3008567,2809866,198701,6.6
1984,Apr,66.4,62,3021168,2823475,197693,6.5
1984,May,66.5,62.1,3032157,2832817,199340,6.6
1984,Jun,66.6,62.1,3040050,2837463,202587,6.7
1984,Jul,66.6,62.1,3043742,2837927,205815,6.8
1984,Aug,66.4,61.9,3044370,2836259,208111,6.8
1984,Sep,66.3,61.8,3044148,2834949,209199,6.9
1984,Oct,66.2,61.7,3045306,2836545,208761,6.9
1984,Nov,66.2,61.7,3049448,2843184,206264,6.8
1984,Dec,66.2,61.8,3056772,2854949,201823,6.6
1985,Jan,66.3,62,3065647,2869381,196266,6.4
1985,Feb,66.3,62.2,3074050,2883406,190644,6.2
1985,Mar,66.4,62.4,3080676,2895136,185540,6
1985,Apr,66.3,62.4,3085411,2904253,181158,5.9
1985,May,66.3,62.5,3089311,2911914,177397,5.7
1985,Jun,66.3,62.5,3094246,2920327,173919,5.6
1985,Jul,66.3,62.7,3101962,2931316,170646,5.5
1985,Aug,66.5,62.9,3112577,2946049,166528,5.4
1985,Sep,66.7,63.2,3125224,2963613,161611,5.2
1985,Oct,66.9,63.5,3138323,2980922,157401,5
1985,Nov,67.1,63.8,3149707,2994405,155302,4.9
1985,Dec,67.2,63.9,3157694,3001657,156037,4.9
1986,Jan,67.2,63.8,3162187,3002923,159264,5
1986,Feb,67.2,63.7,3164766,3000899,163867,5.2
1986,Mar,67.2,63.6,3166969,2998760,168209,5.3
1986,Apr,67.2,63.6,3170017,2998782,171235,5.4
1986,May,67.2,63.6,3174187,3001746,172441,5.4
1986,Jun,67.3,63.6,3179631,3007319,172312,5.4
1986,Jul,67.4,63.7,3186050,3014524,171526,5.4
1986,Aug,67.4,63.8,3192884,3022092,170792,5.3
1986,Sep,67.5,63.9,3199621,3029368,170253,5.3
1986,Oct,67.5,63.9,3205992,3036560,169432,5.3
1986,Nov,67.5,64,3212057,3043762,168295,5.2
1986,Dec,67.6,64.1,3218607,3052084,166523,5.2
1987,Jan,67.6,64.2,3225931,3061873,164058,5.1
1987,Feb,67.7,64.3,3233354,3072439,160915,5
1987,Mar,67.8,64.5,3241066,3083550,157516,4.9
1987,Apr,67.8,64.6,3249016,3094828,154188,4.7
1987,May,67.9,64.8,3256961,3106065,150896,4.6
1987,Jun,68,64.9,3264822,3117121,147701,4.5
1987,Jul,68,65,3272538,3127793,144745,4.4
1987,Aug,68.1,65.1,3280094,3137428,142666,4.3
1987,Sep,68.2,65.2,3287403,3145905,141498,4.3
1987,Oct,68.2,65.3,3293871,3153161,140710,4.3
1987,Nov,68.3,65.4,3298949,3159526,139423,4.2
1987,Dec,68.2,65.4,3302039,3164720,137319,4.2
1988,Jan,68.2,65.4,3302693,3168621,134072,4.1
1988,Feb,68.1,65.4,3301744,3172100,129644,3.9
1988,Mar,68,65.4,3300211,3175650,124561,3.8
1988,Apr,67.9,65.4,3299753,3180087,119666,3.6
1988,May,67.8,65.4,3301861,3185849,116012,3.5
1988,Jun,67.9,65.5,3306933,3192655,114278,3.5
1988,Jul,67.9,65.6,3314702,3200153,114549,3.5
1988,Aug,68.1,65.7,3324416,3208084,116332,3.5
1988,Sep,68.2,65.8,3334933,3216184,118749,3.6
1988,Oct,68.3,65.9,3344973,3224300,120673,3.6
1988,Nov,68.5,66,3354065,3232535,121530,3.6
1988,Dec,68.6,66.1,3362135,3240766,121369,3.6
1989,Jan,68.6,66.2,3369727,3249017,120710,3.6
1989,Feb,68.7,66.3,3376653,3256431,120222,3.6
1989,Mar,68.8,66.3,3382648,3262641,120007,3.5
1989,Apr,68.8,66.3,3387693,3267427,120266,3.6
1989,May,68.8,66.3,3391836,3270836,121000,3.6
1989,Jun,68.8,66.3,3395362,3273706,121656,3.6
1989,Jul,68.8,66.3,3398265,3276594,121671,3.6
1989,Aug,68.8,66.3,3400844,3280093,120751,3.6
1989,Sep,68.8,66.3,3403965,3284745,119220,3.5
1989,Oct,68.8,66.4,3409109,3291374,117735,3.5
1989,Nov,68.9,66.5,3416638,3299819,116819,3.4
1989,Dec,69,66.6,3426505,3309591,116914,3.4
1990,Jan,68.1,65.8,3438340,3320147,118193,3.4
1990,Feb,68.2,65.9,3451053,3330473,120580,3.5
1990,Mar,68.4,65.9,3462977,3339097,123880,3.6
1990,Apr,68.5,65.9,3472078,3344747,127331,3.7
1990,May,68.4,65.8,3477679,3346948,130731,3.8
1990,Jun,68.3,65.7,3479985,3345393,134592,3.9
1990,Jul,68.3,65.5,3480767,3341194,139573,4
1990,Aug,68.2,65.3,3481895,3335799,146096,4.2
1990,Sep,68.1,65.1,3484068,3330006,154062,4.4
1990,Oct,68,64.8,3487294,3324159,163135,4.7
1990,Nov,68,64.6,3491855,3319467,172388,4.9
1990,Dec,68,64.5,3497492,3316635,180857,5.2
1991,Jan,68,64.4,3503351,3315081,188270,5.4
1991,Feb,68,64.3,3509555,3315020,194535,5.5
1991,Mar,68.1,64.2,3515911,3316339,199572,5.7
1991,Apr,68.1,64.2,3522766,3319148,203618,5.8
1991,May,68.1,64.1,3530532,3323988,206544,5.9
1991,Jun,68.2,64.2,3538981,3330860,208121,5.9
1991,Jul,68.2,64.2,3546816,3338288,208528,5.9
1991,Aug,68.3,64.3,3552984,3344748,208236,5.9
1991,Sep,68.3,64.3,3557559,3349379,208180,5.9
1991,Oct,68.2,64.2,3560896,3351661,209235,5.9
1991,Nov,68.2,64.1,3563158,3351761,211397,5.9
1991,Dec,68.2,64.1,3564455,3350574,213881,6
1992,Jan,68.1,64,3566075,3350111,215964,6.1
1992,Feb,68.1,64,3569378,3351924,217454,6.1
1992,Mar,68.2,64,3575703,3357304,218399,6.1
1992,Apr,68.3,64.1,3585270,3366065,219205,6.1
1992,May,68.4,64.2,3596121,3376281,219840,6.1
1992,Jun,68.5,64.3,3606549,3386286,220263,6.1
1992,Jul,68.6,64.4,3615614,3395123,220491,6.1
1992,Aug,68.6,64.4,3622322,3402121,220201,6.1
1992,Sep,68.5,64.4,3626025,3407148,218877,6
1992,Oct,68.4,64.3,3627152,3410897,216255,6
1992,Nov,68.3,64.3,3626489,3413527,212962,5.9
1992,Dec,68.2,64.2,3625325,3415645,209680,5.8
1993,Jan,68,64.2,3624500,3418019,206481,5.7
1993,Feb,67.9,64.1,3624231,3421061,203170,5.6
1993,Mar,67.8,64.1,3624943,3425350,199593,5.5
1993,Apr,67.7,64.1,3626290,3431026,195264,5.4
1993,May,67.6,64.1,3627786,3437394,190392,5.2
1993,Jun,67.6,64.1,3628855,3443698,185157,5.1
1993,Jul,67.4,64.1,3628850,3449495,179355,4.9
1993,Aug,67.3,64.1,3628351,3454839,173512,4.8
1993,Sep,67.2,64.1,3628773,3460222,168551,4.6
1993,Oct,67.1,64.1,3630914,3465709,165205,4.5
1993,Nov,67.1,64,3634898,3471168,163730,4.5
1993,Dec,67.1,64,3640386,3476872,163514,4.5
1994,Jan,67.1,64.1,3646424,3482846,163578,4.5
1994,Feb,67.1,64.1,3651367,3488364,163003,4.5
1994,Mar,67,64.1,3654622,3492808,161814,4.4
1994,Apr,67,64,3657638,3497022,160616,4.4
1994,May,67,64,3662796,3502677,160119,4.4
1994,Jun,67,64.1,3671478,3510712,160766,4.4
1994,Jul,67.1,64.2,3683785,3521343,162442,4.4
1994,Aug,67.3,64.3,3698107,3534171,163936,4.4
1994,Sep,67.4,64.4,3712111,3548251,163860,4.4
1994,Oct,67.5,64.5,3723791,3562512,161279,4.3
1994,Nov,67.5,64.7,3732654,3575867,156787,4.2
1994,Dec,67.5,64.7,3738175,3585889,152286,4.1
1995,Jan,67.4,64.7,3740248,3590658,149590,4
1995,Feb,67.3,64.6,3740826,3591059,149767,4
1995,Mar,67.2,64.5,3741611,3588915,152696,4.1
1995,Apr,67.1,64.3,3743134,3586001,157133,4.2
1995,May,67.1,64.2,3746215,3584799,161416,4.3
1995,Jun,67,64.1,3751445,3587160,164285,4.4
1995,Jul,67.1,64.1,3758905,3593380,165525,4.4
1995,Aug,67.1,64.1,3768177,3602043,166134,4.4
1995,Sep,67.1,64.2,3778597,3611539,167058,4.4
1995,Oct,67.2,64.2,3789610,3620972,168638,4.5
1995,Nov,67.3,64.3,3800611,3630068,170543,4.5
1995,Dec,67.4,64.3,3812202,3639651,172551,4.5
1996,Jan,67.5,64.4,3825650,3651343,174307,4.6
1996,Feb,67.7,64.6,3841096,3665637,175459,4.6
1996,Mar,67.9,64.8,3857675,3682202,175473,4.5
1996,Apr,68,65,3874107,3699980,174127,4.5
1996,May,68.2,65.2,3889227,3717541,171686,4.4
1996,Jun,68.3,65.3,3902681,3733876,168805,4.3
1996,Jul,68.4,65.5,3914644,3748675,165969,4.2
1996,Aug,68.4,65.6,3925530,3762175,163355,4.2
1996,Sep,68.5,65.7,3935168,3773929,161239,4.1
1996,Oct,68.5,65.7,3943728,3783649,160079,4.1
1996,Nov,68.5,65.8,3951622,3792260,159362,4
1996,Dec,68.6,65.8,3959028,3800912,158116,4
1997,Jan,68.6,65.9,3966098,3809831,156267,3.9
1997,Feb,68.6,65.9,3973048,3818857,154191,3.9
1997,Mar,68.6,66,3979937,3827785,152152,3.8
1997,Apr,68.7,66.1,3986585,3835700,150885,3.8
1997,May,68.6,66,3991196,3840948,150248,3.8
1997,Jun,68.5,66,3992555,3843024,149531,3.7
1997,Jul,68.4,65.9,3991494,3843069,148425,3.7
1997,Aug,68.3,65.7,3989338,3842101,147237,3.7
1997,Sep,68.1,65.6,3987150,3841023,146127,3.7
1997,Oct,68,65.5,3985444,3839836,145608,3.7
1997,Nov,67.8,65.3,3984071,3838038,146033,3.7
1997,Dec,67.7,65.2,3983048,3836199,146849,3.7
1998,Jan,67.6,65.1,3982017,3834866,147151,3.7
1998,Feb,67.5,65,3980723,3834457,146266,3.7
1998,Mar,67.3,64.9,3979155,3834910,144245,3.6
1998,Apr,67.2,64.8,3978138,3836778,141360,3.6
1998,May,67.1,64.8,3979052,3840430,138622,3.5
1998,Jun,67.1,64.8,3982314,3845213,137101,3.4
1998,Jul,67.1,64.8,3986999,3850293,136706,3.4
1998,Aug,67.1,64.8,3992689,3856300,136389,3.4
1998,Sep,67.1,64.8,3999526,3863956,135570,3.4
1998,Oct,67.1,64.9,4006804,3873336,133468,3.3
1998,Nov,67.1,64.9,4013323,3883204,130119,3.2
1998,Dec,67.1,65,4018325,3891686,126639,3.2
1999,Jan,67,65,4021548,3897888,123660,3.1
1999,Feb,67,65,4023933,3902056,121877,3
1999,Mar,67,65,4027204,3905549,121655,3
1999,Apr,67,64.9,4032289,3909420,122869,3
1999,May,67,64.9,4039362,3914186,125176,3.1
1999,Jun,67.1,64.9,4048487,3920378,128109,3.2
1999,Jul,67.2,65,4059247,3927887,131360,3.2
1999,Aug,67.2,65,4070237,3935949,134288,3.3
1999,Sep,67.3,65.1,4079854,3943584,136270,3.3
1999,Oct,67.4,65.1,4087549,3950254,137295,3.4
1999,Nov,67.4,65.1,4094175,3956804,137371,3.4
1999,Dec,67.4,65.2,4100340,3963570,136770,3.3
2000,Jan,67.5,65.2,4106947,3970504,136443,3.3
2000,Feb,67.5,65.3,4113878,3977161,136717,3.3
2000,Mar,67.6,65.3,4120718,3982596,138122,3.4
2000,Apr,67.8,65.5,4127403,3986425,140978,3.4
2000,May,67.8,65.4,4133490,3988637,144853,3.5
2000,Jun,67.8,65.3,4138090,3988898,149192,3.6
2000,Jul,67.7,65.2,4140751,3987401,153350,3.7
2000,Aug,67.7,65.1,4143288,3986099,157189,3.8
2000,Sep,67.7,65,4148062,3987286,160776,3.9
2000,Oct,67.7,65,4156817,3992069,164748,4
2000,Nov,67.8,65.1,4169397,3999274,170123,4.1
2000,Dec,68,65.1,4183822,4006512,177310,4.2
2001,Jan,68.1,65.1,4196828,4011080,185748,4.4
2001,Feb,68.2,65,4205709,4011116,194593,4.6
2001,Mar,68.1,64.9,4208650,4005944,202706,4.8
2001,Apr,68,64.6,4205507,3995949,209558,5
2001,May,67.8,64.3,4199252,3983496,215756,5.1
2001,Jun,67.6,64.1,4193253,3970940,222313,5.3
2001,Jul,67.5,63.8,4190276,3959892,230384,5.5
2001,Aug,67.4,63.6,4189891,3949320,240571,5.7
2001,Sep,67.3,63.3,4190644,3938423,252221,6
2001,Oct,67.3,63.1,4191631,3927940,263691,6.3
2001,Nov,67.2,62.8,4192051,3918440,273611,6.5
2001,Dec,67.2,62.7,4192439,3911234,281205,6.7
2002,Jan,67.1,62.5,4192861,3906847,286014,6.8
2002,Feb,67,62.4,4192913,3904655,288258,6.9
2002,Mar,67,62.3,4192300,3904037,288263,6.9
2002,Apr,66.9,62.3,4191758,3905396,286362,6.8
2002,May,66.8,62.3,4191385,3908483,282902,6.7
2002,Jun,66.7,62.3,4190725,3912400,278325,6.6
2002,Jul,66.6,62.3,4189008,3915272,273736,6.5
2002,Aug,66.5,62.2,4186285,3915967,270318,6.5
2002,Sep,66.4,62.1,4182598,3913712,268886,6.4
2002,Oct,66.2,61.9,4176890,3907732,269158,6.4
2002,Nov,66,61.7,4169519,3899422,270097,6.5
2002,Dec,65.8,61.5,4161214,3890397,270817,6.5
2003,Jan,66.7,62.4,4219318,3947851,271467,6.4
2003,Feb,67.1,62.8,4247800,3975441,272359,6.4
2003,Mar,67.2,62.9,4261974,3988250,273724,6.4
2003,Apr,67.3,62.9,4267491,3991752,275739,6.5
2003,May,67.2,62.8,4266797,3988632,278165,6.5
2003,Jun,67.1,62.7,4263077,3982850,280227,6.6
2003,Jul,66.9,62.5,4258539,3978332,280207,6.6
2003,Aug,66.8,62.4,4254726,3977455,277271,6.5
2003,Sep,66.7,62.4,4252898,3981122,271776,6.4
2003,Oct,66.6,62.4,4253678,3988507,265171,6.2
2003,Nov,66.5,62.5,4256145,3997214,258931,6.1
2003,Dec,66.5,62.5,4258027,4004406,253621,6
2004,Jan,66.4,62.5,4257391,4007892,249499,5.9
2004,Feb,66.3,62.5,4254295,4008079,246216,5.8
2004,Mar,66.2,62.4,4251116,4007676,243440,5.7
2004,Apr,66.1,62.3,4248981,4008767,240214,5.7
2004,May,66,62.3,4247776,4011835,235941,5.6
2004,Jun,65.9,62.3,4246815,4016012,230803,5.4
2004,Jul,65.8,62.3,4246487,4020464,226023,5.3
2004,Aug,65.7,62.3,4247168,4024493,222675,5.2
2004,Sep,65.6,62.2,4248989,4027456,221533,5.2
2004,Oct,65.6,62.1,4252296,4029397,222899,5.2
2004,Nov,65.6,62.1,4257370,4031375,225995,5.3
2004,Dec,65.6,62.1,4264900,4035066,229834,5.4
2005,Jan,65.6,62.1,4274109,4041279,232830,5.4
2005,Feb,65.7,62.1,4283334,4049317,234017,5.5
2005,Mar,65.7,62.1,4291732,4058491,233241,5.4
2005,Apr,65.7,62.2,4299859,4068638,231221,5.4
2005,May,65.8,62.3,4308724,4079626,229098,5.3
2005,Jun,65.8,62.3,4318066,4090345,227721,5.3
2005,Jul,65.8,62.4,4326594,4099272,227322,5.3
2005,Aug,65.8,62.4,4333159,4106415,226744,5.2
2005,Sep,65.8,62.4,4337720,4112969,224751,5.2
2005,Oct,65.6,62.3,4341010,4120325,220685,5.1
2005,Nov,65.5,62.3,4344399,4129258,215141,5
2005,Dec,65.5,62.3,4349449,4140105,209344,4.8
2006,Jan,65.5,62.4,4358009,4153422,204587,4.7
2006,Feb,65.6,62.5,4370845,4168895,201950,4.6
2006,Mar,65.7,62.7,4387360,4185233,202127,4.6
2006,Apr,65.9,62.8,4405948,4200959,204989,4.7
2006,May,66,62.9,4424459,4215455,209004,4.7
2006,Jun,66.2,63,4441627,4228758,212869,4.8
2006,Jul,66.3,63.1,4457991,4242141,215850,4.8
2006,Aug,66.4,63.2,4473899,4255852,218047,4.9
2006,Sep,66.5,63.2,4488268,4268925,219343,4.9
2006,Oct,66.5,63.3,4500093,4281242,218851,4.9
2006,Nov,66.5,63.3,4508501,4291807,216694,4.8
2006,Dec,66.4,63.3,4512413,4298865,213548,4.7
2007,Jan,66.3,63.2,4512216,4301936,210280,4.7
2007,Feb,66.1,63.1,4509795,4302030,207765,4.6
2007,Mar,65.9,62.9,4506422,4300233,206189,4.6
2007,Apr,65.8,62.8,4503842,4298130,205712,4.6
2007,May,65.6,62.6,4503293,4296692,206601,4.6
2007,Jun,65.5,62.5,4504736,4296311,208425,4.6
2007,Jul,65.4,62.4,4507705,4296898,210807,4.7
2007,Aug,65.4,62.3,4512317,4298531,213786,4.7
2007,Sep,65.4,62.2,4518261,4301508,216753,4.8
2007,Oct,65.3,62.2,4524302,4304813,219489,4.9
2007,Nov,65.3,62.1,4529441,4308030,221411,4.9
2007,Dec,65.3,62.1,4533473,4311013,222460,4.9
2008,Jan,65.2,62,4536013,4312336,223677,4.9
2008,Feb,65.1,61.9,4537456,4311435,226021,5
2008,Mar,65.1,61.8,4539356,4308624,230732,5.1
2008,Apr,65,61.6,4542659,4304254,238405,5.2
2008,May,65,61.4,4547857,4299294,248563,5.5
2008,Jun,65,61.3,4554347,4294463,259884,5.7
2008,Jul,65,61.1,4559638,4289392,270246,5.9
2008,Aug,64.9,60.9,4561100,4282656,278444,6.1
2008,Sep,64.8,60.7,4557791,4271997,285794,6.3
2008,Oct,64.6,60.4,4549917,4255492,294425,6.5
2008,Nov,65.4,60,4616976,4232297,384679,8.3
2008,Dec,65.5,59.5,4625824,4203640,422184,9.1
2009,Jan,65.3,59,4616885,4172359,444526,9.6
2009,Feb,65,58.5,4603954,4142505,461449,10
2009,Mar,64.8,58.1,4592393,4118553,473840,10.3
2009,Apr,64.6,57.8,4583588,4102521,481067,10.5
2009,May,64.4,57.6,4576425,4092376,484049,10.6
2009,Jun,64.2,57.4,4569914,4085283,484631,10.6
2009,Jul,64.1,57.2,4563028,4078206,484822,10.6
2009,Aug,63.9,57.1,4555878,4069639,486239,10.7
2009,Sep,63.7,56.9,4550437,4060670,489767,10.8
2009,Oct,63.7,56.7,4548549,4052924,495625,10.9
2009,Nov,63.7,56.6,4553298,4049529,503769,11.1
2009,Dec,63.8,56.6,4566393,4053239,513154,11.2
2010,Jan,64,56.7,4585775,4064556,521219,11.4
2010,Feb,64.2,56.9,4606035,4080476,525559,11.4
2010,Mar,64.4,57.1,4622114,4097183,524931,11.4
2010,Apr,63.5,56.3,4631285,4112003,519282,11.2
2010,May,63.4,56.4,4632515,4123402,509113,11
2010,Jun,63.2,56.4,4627292,4129971,497321,10.7
2010,Jul,63,56.4,4619653,4131890,487763,10.6
2010,Aug,62.9,56.3,4613366,4130990,482376,10.5
2010,Sep,62.7,56.2,4609741,4128946,480795,10.4
2010,Oct,62.7,56.1,4609416,4128264,481152,10.4
2010,Nov,62.6,56.1,4611258,4129762,481496,10.4
2010,Dec,62.6,56.1,4613405,4132989,480416,10.4
2011,Jan,62.6,56.1,4615841,4137620,478221,10.4
2011,Feb,62.5,56.1,4618086,4142264,475822,10.3
2011,Mar,62.5,56.1,4619330,4145282,474048,10.3
2011,Apr,62.5,56.1,4620259,4145987,474272,10.3
2011,May,62.4,56,4622639,4145350,477289,10.3
2011,Jun,62.4,55.9,4626858,4145399,481459,10.4
2011,Jul,62.4,55.9,4632545,4148330,484215,10.5
2011,Aug,62.5,55.9,4638876,4154816,484060,10.4
2011,Sep,62.5,56,4644899,4164506,480393,10.3
2011,Oct,62.5,56.1,4650085,4176228,473857,10.2
2011,Nov,62.5,56.2,4653103,4187931,465172,10
2011,Dec,62.4,56.3,4653712,4198153,455559,9.8
2012,Jan,62.3,56.4,4653376,4206727,446649,9.6
2012,Feb,62.3,56.4,4654035,4214099,439936,9.5
2012,Mar,62.3,56.4,4656332,4219648,436684,9.4
2012,Apr,62.3,56.4,4659384,4223431,435953,9.4
2012,May,62.3,56.4,4663979,4227719,436260,9.4
2012,Jun,62.3,56.5,4670723,4234462,436261,9.3
2012,Jul,62.3,56.5,4679032,4243930,435102,9.3
2012,Aug,62.4,56.6,4688766,4255583,433183,9.2
2012,Sep,62.5,56.8,4699769,4268377,431392,9.2
2012,Oct,62.6,56.8,4709793,4280257,429536,9.1
2012,Nov,62.6,56.9,4716950,4289646,427304,9.1
2012,Dec,62.6,56.9,4719804,4295807,423997,9
2013,Jan,62.3,56.8,4706939,4287015,419924,8.9
2013,Feb,62.2,56.7,4702054,4288636,413418,8.8
2013,Mar,62.1,56.7,4696913,4291728,405185,8.6
2013,Apr,62,56.8,4694011,4298091,395920,8.4
2013,May,61.9,56.8,4693173,4306304,386869,8.2
2013,Jun,61.9,56.9,4693545,4314695,378850,8.1
2013,Jul,61.8,56.9,4694477,4322873,371604,7.9
2013,Aug,61.7,56.9,4693963,4330674,363289,7.7
2013,Sep,61.6,57,4690536,4337411,353125,7.5
2013,Oct,61.5,57,4685769,4343095,342674,7.3
2013,Nov,61.4,57,4681782,4348539,333243,7.1
2013,Dec,61.3,57,4679576,4354118,325458,7
2014,Jan,61.2,57,4676153,4357486,318667,6.8
2014,Feb,61.2,57.1,4678000,4365137,312863,6.7
2014,Mar,61.1,57.1,4681233,4372743,308490,6.6
2014,Apr,61.1,57.1,4684752,4379091,305661,6.5
2014,May,61.1,57.2,4688207,4384962,303245,6.5
2014,Jun,61.1,57.2,4692464,4392084,300380,6.4
2014,Jul,61.1,57.2,4697035,4400328,296707,6.3
2014,Aug,61.1,57.3,4702276,4409779,292497,6.2
2014,Sep,61.1,57.4,4708604,4420712,287892,6.1
2014,Oct,61.1,57.4,4714927,4432433,282494,6
2014,Nov,61.1,57.5,4720031,4443170,276861,5.9
2014,Dec,61.1,57.6,4725372,4452362,273010,5.8
2015,Jan,61.1,57.6,4731408,4460266,271142,5.7
2015,Feb,61.2,57.6,4740319,4466965,273354,5.8
2015,Mar,61.2,57.7,4750452,4473614,276838,5.8
2015,Apr,61.3,57.7,4760422,4480674,279748,5.9
2015,May,61.4,57.7,4768384,4487508,280876,5.9
2015,Jun,61.3,57.7,4772869,4493230,279639,5.9
2015,Jul,61.3,57.7,4774945,4498453,276492,5.8
2015,Aug,61.2,57.7,4776483,4504148,272335,5.7
2015,Sep,61.2,57.8,4779107,4511413,267694,5.6
2015,Oct,61.2,57.8,4785180,4521814,263366,5.5
2015,Nov,61.2,57.9,4795756,4535703,260053,5.4
2015,Dec,61.3,58,4808514,4551337,257177,5.3
2016,Jan,61.4,58.1,4820427,4566317,254110,5.3
2016,Feb,61.4,58.2,4829889,4578941,250948,5.2
2016,Mar,61.4,58.3,4836197,4588514,247683,5.1
2016,Apr,61.4,58.3,4840535,4595687,244848,5.1
2016,May,61.4,58.3,4845206,4601914,243292,5
2016,Jun,61.4,58.3,4851555,4608317,243238,5
2016,Jul,61.4,58.4,4859953,4615733,244220,5
2016,Aug,61.5,58.4,4869942,4624070,245872,5
2016,Sep,61.5,58.4,4880584,4632733,247851,5.1
2016,Oct,61.6,58.4,4890145,4641160,248985,5.1
2016,Nov,61.6,58.5,4897719,4649715,248004,5.1
2016,Dec,61.6,58.5,4903564,4658756,244808,5
2017,Jan,61.6,58.5,4908232,4668246,239986,4.9
2017,Feb,61.5,58.6,4912098,4678040,234058,4.8
2017,Mar,61.5,58.7,4915480,4687202,228278,4.6
2017,Apr,61.5,58.7,4919929,4696347,223582,4.5
2017,May,61.5,58.8,4926285,4706367,219918,4.5
2017,Jun,61.5,58.8,4934301,4716865,217436,4.4
2017,Jul,61.6,58.9,4943175,4726877,216298,4.4
2017,Aug,61.6,58.9,4950706,4735061,215645,4.4
2017,Sep,61.6,58.9,4955417,4740683,214734,4.3
2017,Oct,61.5,58.9,4957257,4743871,213386,4.3
2017,Nov,61.4,58.8,4956898,4745105,211793,4.3
2017,Dec,61.3,58.7,4956077,4746307,209770,4.2
2018,Jan,61.3,58.7,4957181,4749545,207636,4.2
2018,Feb,61.3,58.7,4961922,4756173,205749,4.1
2018,Mar,61.3,58.8,4969833,4766016,203817,4.1
2018,Apr,61.3,58.9,4977177,4775695,201482,4
2018,May,61.3,58.9,4981319,4782348,198971,4
2018,Jun,61.3,58.9,4982889,4786558,196331,3.9
2018,Jul,61.2,58.8,4983233,4789518,193715,3.9
2018,Aug,61.2,58.8,4985447,4793151,192296,3.9
2018,Sep,61.2,58.8,4991872,4799281,192591,3.9
2018,Oct,61.2,58.8,5002802,4808352,194450,3.9
2018,Nov,61.3,58.9,5017079,4819777,197302,3.9
2018,Dec,61.5,59,5031958,4831516,200442,4
2019,Jan,61.5,59.1,5044457,4841346,203111,4
2019,Feb,61.6,59.1,5052626,4847960,204666,4.1
2019,Mar,61.6,59.1,5057506,4852162,205344,4.1
2019,Apr,61.6,59.1,5061879,4856683,205196,4.1
2019,May,61.6,59.1,5067558,4863356,204202,4
2019,Jun,61.6,59.2,5074835,4872346,202489,4
2019,Jul,61.7,59.2,5084334,4884840,199494,3.9
2019,Aug,61.7,59.3,5093224,4898132,195092,3.8
2019,Sep,61.7,59.4,5100430,4910144,190286,3.7
2019,Oct,61.7,59.4,5104706,4918234,186472,3.7
2019,Nov,61.6,59.4,5104251,4918613,185638,3.6
2019,Dec,61.5,59.3,5103301,4917178,186123,3.6
2020,Jan,61.6,59.3,5110632,4925741,184891,3.6
2020,Feb,61.6,59.4,5114662,4932056,182606,3.6
2020,Mar,59.8,57.2,4971240,4755540,215700,4.3
2020,Apr,56.3,49,4687926,4082234,605692,12.9
2020,May,57.8,50.4,4816235,4200723,615512,12.8
2020,Jun,57.4,53.1,4787234,4430134,357100,7.5
2020,Jul,58.6,53.7,4897607,4482155,415452,8.5
2020,Aug,57.8,54,4832024,4519350,312674,6.5
2020,Sep,58.7,54.4(P),4914985,4558033,356952,7.3
