Year,Period,labor force participation rate,employment-population ratio,labor force,employment,unemployment,unemployment rate
1976,Jan,59.1,55.6,1180825,1110620,70205,5.9
1976,Feb,58.9,55.4,1180479,1110306,70173,5.9
1976,Mar,58.8,55.3,1180456,1110496,69960,5.9
1976,Apr,58.8,55.3,1181507,1112144,69363,5.9
1976,May,58.7,55.3,1183247,1114483,68764,5.8
1976,Jun,58.7,55.3,1185470,1117372,68098,5.7
1976,Jul,58.7,55.4,1187467,1120145,67322,5.7
1976,Aug,58.7,55.4,1189336,1122770,66566,5.6
1976,Sep,58.7,55.4,1191335,1125548,65787,5.5
1976,Oct,58.7,55.5,1193855,1128675,65180,5.5
1976,Nov,58.7,55.6,1197127,1132416,64711,5.4
1976,Dec,58.9,55.7,1201436,1136974,64462,5.4
1977,Jan,59,55.9,1207089,1142411,64678,5.4
1977,Feb,59.2,56,1213608,1148434,65174,5.4
1977,Mar,59.5,56.3,1219925,1154455,65470,5.4
1977,Apr,59.6,56.4,1225529,1160211,65318,5.3
1977,May,59.7,56.6,1230292,1165583,64709,5.3
1977,Jun,59.8,56.7,1234329,1170695,63634,5.2
1977,Jul,59.9,56.9,1237977,1175955,62022,5
1977,Aug,59.9,57.1,1241404,1181698,59706,4.8
1977,Sep,60,57.2,1244868,1187690,57178,4.6
1977,Oct,60,57.4,1248301,1193105,55196,4.4
1977,Nov,60.1,57.5,1251496,1197443,54053,4.3
1977,Dec,60.1,57.5,1254366,1200763,53603,4.3
1978,Jan,60.2,57.6,1257135,1203949,53186,4.2
1978,Feb,60.2,57.7,1260126,1207768,52358,4.2
1978,Mar,60.2,57.8,1263211,1212331,50880,4
1978,Apr,60.2,57.9,1265777,1217206,48571,3.8
1978,May,60.2,58,1267581,1221947,45634,3.6
1978,Jun,60.1,58.1,1268858,1226131,42727,3.4
1978,Jul,60.1,58.2,1270140,1229360,40780,3.2
1978,Aug,60.1,58.2,1271903,1231640,40263,3.2
1978,Sep,60.1,58.1,1274439,1233576,40863,3.2
1978,Oct,60.1,58.1,1278004,1236078,41926,3.3
1978,Nov,60.2,58.2,1282396,1239311,43085,3.4
1978,Dec,60.3,58.2,1286526,1242554,43972,3.4
1979,Jan,60.3,58.2,1289540,1245120,44420,3.4
1979,Feb,60.3,58.2,1291606,1247203,44403,3.4
1979,Mar,60.3,58.2,1293768,1249615,44153,3.4
1979,Apr,60.3,58.2,1296986,1252946,44040,3.4
1979,May,60.4,58.3,1301648,1257457,44191,3.4
1979,Jun,60.5,58.5,1307274,1262771,44503,3.4
1979,Jul,60.7,58.6,1313303,1268554,44749,3.4
1979,Aug,60.8,58.8,1319378,1274468,44910,3.4
1979,Sep,61,58.9,1325062,1280163,44899,3.4
1979,Oct,61,59,1329946,1285416,44530,3.3
1979,Nov,61.1,59.1,1334056,1290139,43917,3.3
1979,Dec,61.1,59.1,1337649,1294204,43445,3.2
1980,Jan,61.1,59.1,1340634,1297081,43553,3.2
1980,Feb,61.1,59,1342783,1298295,44488,3.3
1980,Mar,61,58.9,1344254,1297998,46256,3.4
1980,Apr,60.9,58.7,1345632,1297112,48520,3.6
1980,May,60.9,58.6,1347660,1296860,50800,3.8
1980,Jun,61.8,58.6,1369593,1298559,71034,5.2
1980,Jul,62.1,58.7,1379698,1302776,76922,5.6
1980,Aug,62.3,58.8,1386392,1309266,77126,5.6
1980,Sep,62.4,59.1,1391711,1317270,74441,5.3
1980,Oct,62.5,59.4,1395914,1325857,70057,5
1980,Nov,62.6,59.7,1399408,1334669,64739,4.6
1980,Dec,62.6,59.9,1403256,1343943,59313,4.2
1981,Jan,62.7,60.3,1408150,1353530,54620,3.9
1981,Feb,62.8,60.6,1414050,1362913,51137,3.6
1981,Mar,63,60.9,1420621,1371735,48886,3.4
1981,Apr,63.2,61.1,1427166,1379454,47712,3.3
1981,May,63.4,61.3,1432983,1385586,47397,3.3
1981,Jun,63.5,61.3,1437898,1390183,47715,3.3
1981,Jul,63.5,61.4,1442138,1393451,48687,3.4
1981,Aug,63.5,61.3,1446232,1395828,50404,3.5
1981,Sep,63.5,61.2,1450822,1397910,52912,3.6
1981,Oct,63.6,61.1,1456267,1400123,56144,3.9
1981,Nov,63.6,61,1462102,1402314,59788,4.1
1981,Dec,63.7,60.9,1467781,1404440,63341,4.3
1982,Jan,63.7,60.8,1473082,1406806,66276,4.5
1982,Feb,63.7,60.7,1477968,1409189,68779,4.7
1982,Mar,63.7,60.6,1482149,1410834,71315,4.8
1982,Apr,63.7,60.5,1485744,1411511,74233,5
1982,May,63.6,60.3,1489102,1411189,77913,5.2
1982,Jun,63.6,60,1492295,1409621,82674,5.5
1982,Jul,63.5,59.7,1495597,1406928,88669,5.9
1982,Aug,63.5,59.4,1499068,1403502,95566,6.4
1982,Sep,63.5,59.1,1502626,1399727,102899,6.8
1982,Oct,63.5,58.8,1506349,1395998,110351,7.3
1982,Nov,63.5,58.5,1510293,1392904,117389,7.8
1982,Dec,63.5,58.3,1514114,1390621,123493,8.2
1983,Jan,63.5,58.1,1517884,1389288,128596,8.5
1983,Feb,63.5,58,1522172,1389713,132459,8.7
1983,Mar,63.6,57.9,1527235,1392377,134858,8.8
1983,Apr,63.6,58,1533032,1397102,135930,8.9
1983,May,63.7,58.1,1538972,1403257,135715,8.8
1983,Jun,63.8,58.2,1544430,1410107,134323,8.7
1983,Jul,63.8,58.4,1548828,1416871,131957,8.5
1983,Aug,63.9,58.6,1551776,1422606,129170,8.3
1983,Sep,64,58.8,1553154,1426904,126250,8.1
1983,Oct,64,58.9,1553049,1430029,123020,7.9
1983,Nov,64,59,1552119,1432364,119755,7.7
1983,Dec,63.9,59.1,1551352,1434509,116843,7.5
1984,Jan,64,59.2,1551462,1437304,114158,7.4
1984,Feb,64,59.4,1552567,1440867,111700,7.2
1984,Mar,64.1,59.6,1554601,1444719,109882,7.1
1984,Apr,64.2,59.7,1557200,1448225,108975,7
1984,May,64.3,59.8,1559856,1450903,108953,7
1984,Jun,64.4,59.9,1562003,1452488,109515,7
1984,Jul,64.5,59.9,1563079,1453044,110035,7
1984,Aug,64.5,60,1563193,1453060,110133,7
1984,Sep,64.6,60,1563009,1452899,110110,7
1984,Oct,64.6,60.1,1563451,1452984,110467,7.1
1984,Nov,64.7,60.1,1564901,1453707,111194,7.1
1984,Dec,64.9,60.2,1566958,1454917,112041,7.2
1985,Jan,65,60.3,1568623,1455729,112894,7.2
1985,Feb,65.1,60.4,1569041,1455392,113649,7.2
1985,Mar,65.1,60.4,1567736,1453929,113807,7.3
1985,Apr,65,60.3,1564985,1451899,113086,7.2
1985,May,65,60.3,1561911,1450080,111831,7.2
1985,Jun,64.9,60.3,1559874,1449255,110619,7.1
1985,Jul,65,60.4,1559930,1449771,110159,7.1
1985,Aug,65,60.4,1562319,1451854,110465,7.1
1985,Sep,65.2,60.5,1566269,1455203,111066,7.1
1985,Oct,65.3,60.6,1570726,1458788,111938,7.1
1985,Nov,65.4,60.7,1574932,1461612,113320,7.2
1985,Dec,65.5,60.7,1578634,1463097,115537,7.3
1986,Jan,65.6,60.6,1582106,1463317,118789,7.5
1986,Feb,65.7,60.6,1585586,1462942,122644,7.7
1986,Mar,65.8,60.5,1589317,1462444,126873,8
1986,Apr,65.9,60.4,1593111,1461900,131211,8.2
1986,May,65.9,60.3,1596114,1461233,134881,8.5
1986,Jun,65.9,60.3,1597734,1460482,137252,8.6
1986,Jul,65.9,60.2,1597776,1459705,138071,8.6
1986,Aug,65.8,60.2,1596175,1458727,137448,8.6
1986,Sep,65.8,60.2,1593218,1457452,135766,8.5
1986,Oct,65.7,60.2,1589436,1456060,133376,8.4
1986,Nov,65.6,60.2,1585249,1454526,130723,8.2
1986,Dec,65.5,60.2,1581313,1453231,128082,8.1
1987,Jan,65.4,60.2,1577846,1452234,125612,8
1987,Feb,65.3,60.2,1574681,1451183,123498,7.8
1987,Mar,65.3,60.2,1571460,1450101,121359,7.7
1987,Apr,65.2,60.2,1567673,1449053,118620,7.6
1987,May,65,60.2,1563598,1448052,115546,7.4
1987,Jun,65,60.3,1559562,1446973,112589,7.2
1987,Jul,64.9,60.3,1555782,1445758,110024,7.1
1987,Aug,64.7,60.2,1552547,1444357,108190,7
1987,Sep,64.7,60.2,1550113,1442960,107153,6.9
1987,Oct,64.6,60.2,1548062,1441547,106515,6.9
1987,Nov,64.6,60.2,1545967,1440155,105812,6.8
1987,Dec,64.5,60.1,1543257,1438502,104755,6.8
1988,Jan,64.4,60.1,1539604,1436480,103124,6.7
1988,Feb,64.2,60,1535314,1434231,101083,6.6
1988,Mar,64.1,60,1530890,1431648,99242,6.5
1988,Apr,64,59.9,1527150,1429009,98141,6.4
1988,May,63.9,59.8,1524506,1426761,97745,6.4
1988,Jun,63.9,59.8,1523082,1425261,97821,6.4
1988,Jul,63.9,59.8,1522954,1424768,98186,6.4
1988,Aug,63.9,59.8,1523688,1425344,98344,6.5
1988,Sep,64,59.8,1524647,1426738,97909,6.4
1988,Oct,64,59.9,1525344,1428530,96814,6.3
1988,Nov,64,60,1525473,1430284,95189,6.2
1988,Dec,64,60,1524858,1431578,93280,6.1
1989,Jan,63.9,60.1,1523775,1432394,91381,6
1989,Feb,63.8,60.1,1522614,1432832,89782,5.9
1989,Mar,63.8,60.1,1521826,1433339,88487,5.8
1989,Apr,63.8,60.1,1521522,1433992,87530,5.8
1989,May,63.8,60.1,1521375,1434587,86788,5.7
1989,Jun,63.7,60.1,1521013,1434983,86030,5.7
1989,Jul,63.7,60.1,1519909,1434868,85041,5.6
1989,Aug,63.6,60.1,1518283,1434186,84097,5.5
1989,Sep,63.5,60,1516711,1433271,83440,5.5
1989,Oct,63.5,60,1515902,1432882,83020,5.5
1989,Nov,63.5,60,1516251,1433415,82836,5.5
1989,Dec,63.6,60.1,1517849,1434940,82909,5.5
1990,Jan,64.9,61.3,1520402,1437244,83158,5.5
1990,Feb,65,61.4,1523080,1439841,83239,5.5
1990,Mar,65.1,61.5,1525256,1442057,83199,5.5
1990,Apr,65.1,61.6,1526503,1443417,83086,5.4
1990,May,65.1,61.6,1526813,1443789,83024,5.4
1990,Jun,65.1,61.5,1526306,1442928,83378,5.5
1990,Jul,65.1,61.5,1525304,1440981,84323,5.5
1990,Aug,65,61.3,1524089,1438070,86019,5.6
1990,Sep,64.8,61.1,1522473,1434074,88399,5.8
1990,Oct,64.7,60.8,1520221,1429105,91116,6
1990,Nov,64.5,60.5,1517524,1424014,93510,6.2
1990,Dec,64.4,60.3,1514744,1419614,95130,6.3
1991,Jan,64.2,60.1,1512063,1416154,95909,6.3
1991,Feb,64.1,60,1509867,1413843,96024,6.4
1991,Mar,64,59.9,1508047,1412440,95607,6.3
1991,Apr,63.9,59.8,1506626,1411654,94972,6.3
1991,May,63.8,59.8,1505931,1411340,94591,6.3
1991,Jun,63.8,59.8,1505949,1411410,94539,6.3
1991,Jul,63.7,59.7,1506312,1411591,94721,6.3
1991,Aug,63.7,59.7,1506475,1411802,94673,6.3
1991,Sep,63.6,59.6,1506545,1412178,94367,6.3
1991,Oct,63.6,59.6,1507001,1412548,94453,6.3
1991,Nov,63.5,59.5,1507842,1412834,95008,6.3
1991,Dec,63.5,59.5,1508802,1413231,95571,6.3
1992,Jan,63.5,59.5,1509930,1414071,95859,6.3
1992,Feb,63.5,59.5,1511287,1415462,95825,6.3
1992,Mar,63.5,59.5,1512959,1417639,95320,6.3
1992,Apr,63.6,59.6,1514916,1420450,94466,6.2
1992,May,63.6,59.7,1516645,1423322,93323,6.2
1992,Jun,63.6,59.7,1517730,1425925,91805,6
1992,Jul,63.5,59.7,1518453,1428200,90253,5.9
1992,Aug,63.5,59.8,1519107,1430082,89025,5.9
1992,Sep,63.4,59.8,1519589,1431540,88049,5.8
1992,Oct,63.4,59.8,1519824,1432816,87008,5.7
1992,Nov,63.3,59.7,1519859,1433688,86171,5.7
1992,Dec,63.3,59.7,1519999,1433998,86001,5.7
1993,Jan,63.3,59.7,1520637,1434059,86578,5.7
1993,Feb,63.3,59.6,1522040,1434232,87808,5.8
1993,Mar,63.4,59.6,1524477,1434938,89539,5.9
1993,Apr,63.4,59.6,1527681,1436442,91239,6
1993,May,63.5,59.7,1531069,1438566,92503,6
1993,Jun,63.6,59.7,1534321,1440929,93392,6.1
1993,Jul,63.7,59.8,1536771,1443154,93617,6.1
1993,Aug,63.7,59.8,1538302,1445179,93123,6.1
1993,Sep,63.7,59.8,1539557,1447221,92336,6
1993,Oct,63.7,59.9,1540902,1449262,91640,5.9
1993,Nov,63.7,59.9,1542538,1451197,91341,5.9
1993,Dec,63.7,59.9,1544499,1453066,91433,5.9
1994,Jan,63.8,60,1546322,1454672,91650,5.9
1994,Feb,63.8,60,1547287,1455664,91623,5.9
1994,Mar,63.7,60,1547084,1455865,91219,5.9
1994,Apr,63.6,59.9,1546091,1455669,90422,5.8
1994,May,63.6,59.9,1545061,1455864,89197,5.8
1994,Jun,63.5,59.9,1544582,1457018,87564,5.7
1994,Jul,63.5,60,1545307,1459429,85878,5.6
1994,Aug,63.5,60,1547277,1462891,84386,5.5
1994,Sep,63.6,60.2,1549869,1466964,82905,5.3
1994,Oct,63.6,60.3,1552435,1471257,81178,5.2
1994,Nov,63.7,60.4,1554565,1475462,79103,5.1
1994,Dec,63.7,60.5,1555729,1478876,76853,4.9
1995,Jan,63.6,60.6,1555693,1480945,74748,4.8
1995,Feb,63.6,60.6,1554891,1481868,73023,4.7
1995,Mar,63.5,60.6,1553800,1482016,71784,4.6
1995,Apr,63.4,60.5,1552825,1481723,71102,4.6
1995,May,63.4,60.5,1552573,1481555,71018,4.6
1995,Jun,63.4,60.5,1553350,1481992,71358,4.6
1995,Jul,63.4,60.4,1554833,1483161,71672,4.6
1995,Aug,63.4,60.5,1556443,1484825,71618,4.6
1995,Sep,63.4,60.5,1557928,1486605,71323,4.6
1995,Oct,63.3,60.4,1559133,1488270,70863,4.5
1995,Nov,63.3,60.5,1560032,1489863,70169,4.5
1995,Dec,63.3,60.5,1561058,1491717,69341,4.4
1996,Jan,63.3,60.5,1562824,1494385,68439,4.4
1996,Feb,63.4,60.6,1565542,1498087,67455,4.3
1996,Mar,63.4,60.8,1569139,1502807,66332,4.2
1996,Apr,63.6,60.9,1573234,1508220,65014,4.1
1996,May,63.7,61.1,1577254,1513726,63528,4
1996,Jun,63.7,61.2,1580870,1518695,62175,3.9
1996,Jul,63.8,61.3,1584059,1522706,61353,3.9
1996,Aug,63.8,61.4,1587071,1525678,61393,3.9
1996,Sep,63.9,61.4,1589762,1527602,62160,3.9
1996,Oct,63.9,61.4,1592104,1528683,63421,4
1996,Nov,63.9,61.3,1594233,1529407,64826,4.1
1996,Dec,64,61.3,1596210,1530340,65870,4.1
1997,Jan,64,61.3,1598180,1531759,66421,4.2
1997,Feb,64,61.4,1600324,1533753,66571,4.2
1997,Mar,64.1,61.4,1602724,1536283,66441,4.1
1997,Apr,64.1,61.5,1605364,1539051,66313,4.1
1997,May,64.2,61.5,1607928,1541575,66353,4.1
1997,Jun,64.2,61.6,1610165,1543721,66444,4.1
1997,Jul,64.2,61.6,1612098,1545693,66405,4.1
1997,Aug,64.2,61.6,1613684,1547658,66026,4.1
1997,Sep,64.2,61.6,1614998,1549786,65212,4
1997,Oct,64.2,61.6,1616323,1552033,64290,4
1997,Nov,64.2,61.7,1617795,1554185,63610,3.9
1997,Dec,64.2,61.7,1619684,1556256,63428,3.9
1998,Jan,64.3,61.7,1621908,1558130,63778,3.9
1998,Feb,64.3,61.8,1624518,1559689,64829,4
1998,Mar,64.4,61.8,1627399,1560806,66593,4.1
1998,Apr,64.4,61.7,1630433,1561721,68712,4.2
1998,May,64.5,61.7,1633617,1562814,70803,4.3
1998,Jun,64.6,61.7,1636767,1564276,72491,4.4
1998,Jul,64.7,61.8,1639679,1566260,73419,4.5
1998,Aug,64.7,61.8,1642503,1569033,73470,4.5
1998,Sep,64.8,61.9,1645383,1572562,72821,4.4
1998,Oct,64.8,62,1648123,1576566,71557,4.3
1998,Nov,64.8,62.1,1650374,1580470,69904,4.2
1998,Dec,64.8,62.1,1651897,1583700,68197,4.1
1999,Jan,64.8,62.2,1652711,1586152,66559,4
1999,Feb,64.8,62.2,1652997,1588148,64849,3.9
1999,Mar,64.7,62.3,1653107,1590176,62931,3.8
1999,Apr,64.7,62.3,1653412,1592521,60891,3.7
1999,May,64.7,62.4,1654003,1595149,58854,3.6
1999,Jun,64.6,62.4,1654959,1597931,57028,3.4
1999,Jul,64.6,62.4,1656214,1600525,55689,3.4
1999,Aug,64.6,62.5,1657542,1602660,54882,3.3
1999,Sep,64.6,62.5,1658747,1604292,54455,3.3
1999,Oct,64.6,62.5,1659703,1605457,54246,3.3
1999,Nov,64.6,62.5,1660511,1606512,53999,3.3
1999,Dec,64.6,62.5,1661066,1607542,53524,3.2
2000,Jan,64.5,62.5,1661302,1608423,52879,3.2
2000,Feb,64.5,62.5,1661119,1608971,52148,3.1
2000,Mar,64.5,62.5,1660590,1609053,51537,3.1
2000,Apr,64.4,62.5,1659997,1608791,51206,3.1
2000,May,64.4,62.4,1659582,1608478,51104,3.1
2000,Jun,64.3,62.4,1659412,1608294,51118,3.1
2000,Jul,64.3,62.3,1659454,1608428,51026,3.1
2000,Aug,64.3,62.3,1659673,1609122,50551,3
2000,Sep,64.3,62.3,1660124,1610430,49694,3
2000,Oct,64.3,62.4,1661165,1612330,48835,2.9
2000,Nov,64.3,62.4,1662931,1614470,48461,2.9
2000,Dec,64.4,62.5,1665092,1616398,48694,2.9
2001,Jan,64.4,62.5,1667244,1617773,49471,3
2001,Feb,64.5,62.5,1669141,1618427,50714,3
2001,Mar,64.5,62.5,1670596,1618292,52304,3.1
2001,Apr,64.5,62.5,1671460,1617375,54085,3.2
2001,May,64.5,62.4,1672065,1616011,56054,3.4
2001,Jun,64.5,62.3,1672846,1614524,58322,3.5
2001,Jul,64.6,62.2,1674406,1613325,61081,3.6
2001,Aug,64.6,62.1,1676764,1612316,64448,3.8
2001,Sep,64.7,62.1,1679559,1611485,68074,4.1
2001,Oct,64.7,62,1682293,1611040,71253,4.2
2001,Nov,64.8,62,1684621,1610941,73680,4.4
2001,Dec,64.8,61.9,1686851,1611296,75555,4.5
2002,Jan,64.9,61.9,1688913,1612042,76871,4.6
2002,Feb,64.9,61.9,1690253,1612733,77520,4.6
2002,Mar,64.9,61.9,1690570,1612996,77574,4.6
2002,Apr,64.8,61.9,1690086,1612848,77238,4.6
2002,May,64.8,61.8,1689101,1612294,76807,4.5
2002,Jun,64.7,61.7,1687780,1611349,76431,4.5
2002,Jul,64.6,61.6,1686159,1609817,76342,4.5
2002,Aug,64.5,61.5,1684724,1607848,76876,4.6
2002,Sep,64.4,61.4,1684008,1605679,78329,4.7
2002,Oct,64.3,61.3,1683841,1603229,80612,4.8
2002,Nov,64.3,61.1,1683957,1600789,83168,4.9
2002,Dec,64.3,61,1684087,1598567,85520,5.1
2003,Jan,64.3,60.9,1684484,1596769,87715,5.2
2003,Feb,64.3,60.9,1685496,1595626,89870,5.3
2003,Mar,64.3,60.8,1686821,1594997,91824,5.4
2003,Apr,64.4,60.8,1687808,1594356,93452,5.5
2003,May,64.3,60.7,1687980,1593339,94641,5.6
2003,Jun,64.3,60.6,1687512,1592208,95304,5.6
2003,Jul,64.2,60.6,1686532,1591292,95240,5.6
2003,Aug,64.1,60.5,1685163,1590778,94385,5.6
2003,Sep,64,60.5,1683821,1590894,92927,5.5
2003,Oct,64,60.5,1683046,1591757,91289,5.4
2003,Nov,64,60.5,1683118,1593250,89868,5.3
2003,Dec,64,60.6,1683709,1595096,88613,5.3
2004,Jan,64,60.7,1684353,1596953,87400,5.2
2004,Feb,64,60.7,1685009,1598751,86258,5.1
2004,Mar,64,60.8,1685869,1600735,85134,5
2004,Apr,64,60.8,1686847,1602965,83882,5
2004,May,64,60.9,1687835,1605309,82526,4.9
2004,Jun,64.1,61,1688873,1607544,81329,4.8
2004,Jul,64.1,61,1690010,1609567,80443,4.8
2004,Aug,64.1,61,1691112,1611230,79882,4.7
2004,Sep,64.1,61,1691903,1612307,79596,4.7
2004,Oct,64,61,1692351,1612766,79585,4.7
2004,Nov,64,61,1692593,1612872,79721,4.7
2004,Dec,64,61,1692985,1613159,79826,4.7
2005,Jan,64,61,1693715,1614023,79692,4.7
2005,Feb,64,61,1694647,1615436,79211,4.7
2005,Mar,64,61,1695980,1617264,78716,4.6
2005,Apr,64,61.1,1697959,1619561,78398,4.6
2005,May,64.1,61.2,1700503,1622435,78068,4.6
2005,Jun,64.2,61.2,1703103,1625651,77452,4.5
2005,Jul,64.2,61.3,1705454,1628840,76614,4.5
2005,Aug,64.2,61.4,1707400,1631805,75595,4.4
2005,Sep,64.1,61.3,1708771,1634489,74282,4.3
2005,Oct,64.1,61.4,1709657,1636954,72703,4.3
2005,Nov,64,61.4,1710149,1639045,71104,4.2
2005,Dec,64,61.4,1710348,1640496,69852,4.1
2006,Jan,63.9,61.3,1710576,1641554,69022,4
2006,Feb,63.9,61.3,1710961,1642510,68451,4
2006,Mar,63.8,61.3,1711493,1643505,67988,4
2006,Apr,63.8,61.3,1712150,1644496,67654,4
2006,May,63.8,61.2,1712967,1645401,67566,3.9
2006,Jun,63.7,61.2,1713809,1646096,67713,4
2006,Jul,63.7,61.2,1714866,1646861,68005,4
2006,Aug,63.7,61.2,1716299,1647885,68414,4
2006,Sep,63.7,61.1,1718152,1649033,69119,4
2006,Oct,63.7,61.1,1720385,1650367,70018,4.1
2006,Nov,63.8,61.1,1722811,1651850,70961,4.1
2006,Dec,63.8,61.1,1724964,1653139,71825,4.2
2007,Jan,63.8,61.1,1726421,1653878,72543,4.2
2007,Feb,63.8,61.1,1727231,1654065,73166,4.2
2007,Mar,63.8,61,1727301,1653788,73513,4.3
2007,Apr,63.7,61,1726756,1653300,73456,4.3
2007,May,63.6,60.9,1725929,1652877,73052,4.2
2007,Jun,63.5,60.9,1725256,1652869,72387,4.2
2007,Jul,63.5,60.8,1724925,1653353,71572,4.1
2007,Aug,63.4,60.8,1725035,1654363,70672,4.1
2007,Sep,63.4,60.8,1725658,1656208,69450,4
2007,Oct,63.4,60.9,1726422,1658732,67690,3.9
2007,Nov,63.3,60.9,1727185,1661815,65370,3.8
2007,Dec,63.3,61,1728138,1665470,62668,3.6
2008,Jan,63.3,61.1,1729281,1669172,60109,3.5
2008,Feb,63.3,61.2,1730707,1672465,58242,3.4
2008,Mar,63.4,61.3,1732784,1675228,57556,3.3
2008,Apr,63.4,61.3,1735732,1677539,58193,3.4
2008,May,63.5,61.3,1739591,1679747,59844,3.4
2008,Jun,63.6,61.4,1744210,1682142,62068,3.6
2008,Jul,63.8,61.4,1749084,1684705,64379,3.7
2008,Aug,63.9,61.4,1753696,1687032,66664,3.8
2008,Sep,63.9,61.4,1757430,1688239,69191,3.9
2008,Oct,63.9,61.3,1760061,1687543,72518,4.1
2008,Nov,63.9,61.1,1761565,1684498,77067,4.4
2008,Dec,63.9,60.9,1762281,1679285,82996,4.7
2009,Jan,63.9,60.6,1762788,1672825,89963,5.1
2009,Feb,63.8,60.3,1763600,1666488,97112,5.5
2009,Mar,63.8,60.1,1765118,1661573,103545,5.9
2009,Apr,63.9,59.9,1767274,1658536,108738,6.2
2009,May,63.9,59.8,1769280,1656641,112639,6.4
2009,Jun,63.8,59.7,1770372,1654967,115405,6.5
2009,Jul,63.8,59.5,1769834,1652597,117237,6.6
2009,Aug,63.6,59.4,1767531,1649078,118453,6.7
2009,Sep,63.5,59.2,1764484,1644874,119610,6.8
2009,Oct,63.3,58.9,1761652,1640678,120974,6.9
2009,Nov,63.2,58.8,1759976,1637551,122425,7
2009,Dec,63.1,58.7,1760154,1636403,123751,7
2010,Jan,63.2,58.7,1762129,1637478,124651,7.1
2010,Feb,63.2,58.8,1765089,1640106,124983,7.1
2010,Mar,63.3,58.8,1768033,1643404,124629,7
2010,Apr,62.4,58.1,1770146,1646616,123530,7
2010,May,62.4,58.1,1771014,1649251,121763,6.9
2010,Jun,62.3,58.1,1770646,1650800,119846,6.8
2010,Jul,62.2,58,1769672,1651238,118434,6.7
2010,Aug,62.1,58,1768714,1651115,117599,6.6
2010,Sep,62,57.9,1767697,1650791,116906,6.6
2010,Oct,62,57.9,1766887,1650941,115946,6.6
2010,Nov,61.9,57.9,1766457,1651964,114493,6.5
2010,Dec,61.9,57.9,1766175,1653805,112370,6.4
2011,Jan,61.8,58,1766062,1656299,109763,6.2
2011,Feb,61.8,58,1765950,1658841,107109,6.1
2011,Mar,61.7,58.1,1765628,1660769,104859,5.9
2011,Apr,61.7,58.1,1765413,1662020,103393,5.9
2011,May,61.7,58.1,1765957,1663035,102922,5.8
2011,Jun,61.7,58.1,1767483,1664294,103189,5.8
2011,Jul,61.7,58.1,1770025,1666276,103749,5.9
2011,Aug,61.8,58.2,1773419,1669161,104258,5.9
2011,Sep,61.9,58.2,1777402,1673050,104352,5.9
2011,Oct,62,58.3,1781588,1677833,103755,5.8
2011,Nov,62,58.5,1785444,1683016,102428,5.7
2011,Dec,62.1,58.6,1788652,1688127,100525,5.6
2012,Jan,62.2,58.7,1791292,1692991,98301,5.5
2012,Feb,62.2,58.9,1793798,1697668,96130,5.4
2012,Mar,62.2,59,1796310,1701839,94471,5.3
2012,Apr,62.3,59,1798586,1705050,93536,5.2
2012,May,62.3,59.1,1800770,1707487,93283,5.2
2012,Jun,62.3,59.1,1803132,1709691,93441,5.2
2012,Jul,62.4,59.1,1805752,1712096,93656,5.2
2012,Aug,62.4,59.2,1808483,1714606,93877,5.2
2012,Sep,62.4,59.2,1810949,1716687,94262,5.2
2012,Oct,62.4,59.2,1812407,1717573,94834,5.2
2012,Nov,62.4,59.1,1812407,1716847,95560,5.3
2012,Dec,62.3,59,1811131,1714754,96377,5.3
2013,Jan,62.1,58.8,1807341,1711853,95488,5.3
2013,Feb,62,58.7,1805240,1709016,96224,5.3
2013,Mar,61.9,58.6,1803826,1707237,96589,5.4
2013,Apr,61.9,58.6,1803639,1707121,96518,5.4
2013,May,61.8,58.5,1804215,1708011,96204,5.3
2013,Jun,61.8,58.5,1804808,1708896,95912,5.3
2013,Jul,61.8,58.5,1804774,1709059,95715,5.3
2013,Aug,61.7,58.4,1803680,1708323,95357,5.3
2013,Sep,61.6,58.3,1801696,1707017,94679,5.3
2013,Oct,61.4,58.2,1799409,1705549,93860,5.2
2013,Nov,61.3,58.2,1797259,1704363,92896,5.2
2013,Dec,61.2,58.1,1795219,1703571,91648,5.1
2014,Jan,61.2,58.1,1794594,1704523,90071,5
2014,Feb,61.1,58.1,1792744,1704867,87877,4.9
2014,Mar,61,58.1,1791189,1705585,85604,4.8
2014,Apr,60.9,58.1,1790041,1706533,83508,4.7
2014,May,60.9,58.1,1789757,1708164,81593,4.6
2014,Jun,60.8,58.1,1790984,1711052,79932,4.5
2014,Jul,60.9,58.2,1793663,1715072,78591,4.4
2014,Aug,61,58.3,1797684,1720105,77579,4.3
2014,Sep,61.1,58.5,1802671,1725867,76804,4.3
2014,Oct,61.2,58.6,1807931,1731847,76084,4.2
2014,Nov,61.3,58.8,1812911,1737409,75502,4.2
2014,Dec,61.5,58.9,1817675,1742235,75440,4.2
2015,Jan,61.5,59,1821827,1745942,75885,4.2
2015,Feb,61.7,59,1826108,1748834,77274,4.2
2015,Mar,61.7,59.1,1829902,1750933,78969,4.3
2015,Apr,61.8,59.1,1832855,1752373,80482,4.4
2015,May,61.8,59.1,1834597,1753129,81468,4.4
2015,Jun,61.8,59,1835021,1753194,81827,4.5
2015,Jul,61.7,59,1834622,1752870,81752,4.5
2015,Aug,61.6,58.9,1833903,1752369,81534,4.4
2015,Sep,61.6,58.9,1833337,1751944,81393,4.4
2015,Oct,61.6,58.8,1833578,1751951,81627,4.5
2015,Nov,61.6,58.8,1834755,1752363,82392,4.5
2015,Dec,61.6,58.8,1836207,1752706,83501,4.5
2016,Jan,61.6,58.8,1837085,1752370,84715,4.6
2016,Feb,61.6,58.7,1836866,1750944,85922,4.7
2016,Mar,61.5,58.6,1835582,1748477,87105,4.7
2016,Apr,61.4,58.4,1833787,1745479,88308,4.8
2016,May,61.3,58.3,1832047,1742616,89431,4.9
2016,Jun,61.2,58.2,1830671,1740451,90220,4.9
2016,Jul,61.2,58.2,1829904,1739397,90507,4.9
2016,Aug,61.2,58.1,1829689,1739407,90282,4.9
2016,Sep,61.1,58.1,1829619,1740019,89600,4.9
2016,Oct,61.1,58.1,1829179,1740737,88442,4.8
2016,Nov,61.1,58.2,1828368,1741517,86851,4.8
2016,Dec,61,58.2,1827523,1742462,85061,4.7
2017,Jan,61,58.2,1827099,1743751,83348,4.6
2017,Feb,61,58.3,1827377,1745589,81788,4.5
2017,Mar,61,58.3,1828311,1747876,80435,4.4
2017,Apr,61.1,58.4,1830043,1750709,79334,4.3
2017,May,61.1,58.5,1832576,1754120,78456,4.3
2017,Jun,61.2,58.6,1835464,1757734,77730,4.2
2017,Jul,61.3,58.7,1838179,1761105,77074,4.2
2017,Aug,61.3,58.8,1840336,1763963,76373,4.1
2017,Sep,61.4,58.9,1841880,1766322,75558,4.1
2017,Oct,61.4,58.9,1842926,1768335,74591,4
2017,Nov,61.4,58.9,1843553,1770004,73549,4
2017,Dec,61.4,59,1843994,1771551,72443,3.9
2018,Jan,61.4,59,1844534,1773283,71251,3.9
2018,Feb,61.4,59.1,1845258,1775321,69937,3.8
2018,Mar,61.4,59.1,1845872,1777502,68370,3.7
2018,Apr,61.4,59.2,1845634,1779199,66435,3.6
2018,May,61.3,59.2,1844224,1779946,64278,3.5
2018,Jun,61.2,59.1,1842004,1779858,62146,3.4
2018,Jul,61.1,59.1,1839436,1779201,60235,3.3
2018,Aug,61,59,1837189,1778274,58915,3.2
2018,Sep,60.9,59,1835780,1777348,58432,3.2
2018,Oct,60.8,58.9,1835349,1776637,58712,3.2
2018,Nov,60.8,58.9,1835734,1776335,59399,3.2
2018,Dec,60.8,58.8,1836478,1776433,60045,3.3
2019,Jan,60.8,58.8,1837017,1776712,60305,3.3
2019,Feb,60.8,58.8,1837111,1777026,60085,3.3
2019,Mar,60.8,58.8,1837004,1777425,59579,3.2
2019,Apr,60.7,58.8,1837101,1778063,59038,3.2
2019,May,60.7,58.8,1837778,1779004,58774,3.2
2019,Jun,60.7,58.8,1839224,1780170,59054,3.2
2019,Jul,60.8,58.8,1841427,1781526,59901,3.3
2019,Aug,60.8,58.8,1843446,1782527,60919,3.3
2019,Sep,60.8,58.8,1845138,1783397,61741,3.3
2019,Oct,60.8,58.8,1846046,1783842,62204,3.4
2019,Nov,60.8,58.7,1845800,1783677,62123,3.4
2019,Dec,60.7,58.7,1845530,1783548,61982,3.4
2020,Jan,60.7,58.7,1845422,1784815,60607,3.3
2020,Feb,60.6,58.7,1844257,1785827,58430,3.2
2020,Mar,60.1,58.4,1829828,1776101,53727,2.9
2020,Apr,58.4,49.8,1776346,1515047,261299,14.7
2020,May,59.9,52.3,1823007,1592762,230245,12.6
2020,Jun,58,54.3,1767340,1653543,113797,6.4
2020,Jul,59.2,55,1804753,1676888,127865,7.1
2020,Aug,60.1,56.7,1833445,1728723,104722,5.7
2020,Sep,61.6,58.3,1880260,1780447,99813,5.3
