Year,Period,labor force participation rate,employment-population ratio,labor force,employment,unemployment,unemployment rate
1976,Jan,64.7,62.7,308735,298900,9835,3.2
1976,Feb,64.6,62.5,308727,298906,9821,3.2
1976,Mar,64.6,62.6,308704,299010,9694,3.1
1976,Apr,64.5,62.5,308718,299231,9487,3.1
1976,May,64.3,62.4,308764,299427,9337,3
1976,Jun,64.4,62.4,308993,299623,9370,3
1976,Jul,64.3,62.3,309365,299746,9619,3.1
1976,Aug,64.3,62.2,309901,299915,9986,3.2
1976,Sep,64.4,62.3,310607,300260,10347,3.3
1976,Oct,64.5,62.3,311465,300795,10670,3.4
1976,Nov,64.7,62.4,312408,301469,10939,3.5
1976,Dec,64.7,62.4,313261,302143,11118,3.5
1977,Jan,64.9,62.6,313955,302761,11194,3.6
1977,Feb,64.9,62.6,314611,303420,11191,3.6
1977,Mar,65,62.7,315279,304174,11105,3.5
1977,Apr,65,62.8,315964,305034,10930,3.5
1977,May,65.2,63,316653,305974,10679,3.4
1977,Jun,65.2,63,317357,306952,10405,3.3
1977,Jul,65.3,63.2,318064,307894,10170,3.2
1977,Aug,65.4,63.4,318739,308712,10027,3.1
1977,Sep,65.4,63.4,319316,309357,9959,3.1
1977,Oct,65.5,63.5,319776,309887,9889,3.1
1977,Nov,65.6,63.6,320196,310404,9792,3.1
1977,Dec,65.7,63.7,320661,311005,9656,3
1978,Jan,65.7,63.8,321235,311739,9496,3
1978,Feb,65.8,63.9,321957,312572,9385,2.9
1978,Mar,66,64.1,322955,313520,9435,2.9
1978,Apr,66.3,64.3,324220,314567,9653,3
1978,May,66.5,64.4,325618,315666,9952,3.1
1978,Jun,66.7,64.6,326991,316770,10221,3.1
1978,Jul,67,64.9,328204,317819,10385,3.2
1978,Aug,67.2,65,329182,318737,10445,3.2
1978,Sep,67.2,65.1,329858,319406,10452,3.2
1978,Oct,67.3,65.1,330237,319778,10459,3.2
1978,Nov,67.3,65.2,330422,319889,10533,3.2
1978,Dec,67.3,65.1,330570,319842,10728,3.2
1979,Jan,67.2,65,330804,319808,10996,3.3
1979,Feb,67.3,65,331138,319936,11202,3.4
1979,Mar,67.4,65.1,331509,320272,11237,3.4
1979,Apr,67.5,65.2,331900,320783,11117,3.3
1979,May,67.4,65.2,332332,321386,10946,3.3
1979,Jun,67.5,65.3,332769,321956,10813,3.2
1979,Jul,67.6,65.4,333199,322419,10780,3.2
1979,Aug,67.7,65.5,333605,322748,10857,3.3
1979,Sep,67.8,65.5,334032,322996,11036,3.3
1979,Oct,67.7,65.4,334491,323191,11300,3.4
1979,Nov,67.8,65.4,334940,323317,11623,3.5
1979,Dec,67.9,65.5,335383,323352,12031,3.6
1980,Jan,68,65.4,335756,323169,12587,3.7
1980,Feb,67.9,65.2,335968,322630,13338,4
1980,Mar,67.9,65,335992,321720,14272,4.2
1980,Apr,67.8,64.8,335815,320538,15277,4.5
1980,May,67.8,64.5,335454,319262,16192,4.8
1980,Jun,67.7,64.3,334989,318099,16890,5
1980,Jul,67.6,64.1,334519,317218,17301,5.2
1980,Aug,67.4,63.9,334214,316748,17466,5.2
1980,Sep,67.4,63.9,334211,316700,17511,5.2
1980,Oct,67.4,63.9,334519,316966,17553,5.2
1980,Nov,67.5,64,334991,317390,17601,5.3
1980,Dec,67.6,64.1,335398,317804,17594,5.2
1981,Jan,67.7,64.1,335606,318110,17496,5.2
1981,Feb,67.7,64.2,335595,318306,17289,5.2
1981,Mar,67.6,64.2,335390,318415,16975,5.1
1981,Apr,67.4,64.1,335099,318466,16633,5
1981,May,67.4,64.1,334797,318464,16333,4.9
1981,Jun,67.3,64.1,334548,318397,16151,4.8
1981,Jul,67.3,64,334365,318249,16116,4.8
1981,Aug,67.2,64,334161,317986,16175,4.8
1981,Sep,67.2,63.9,333813,317583,16230,4.9
1981,Oct,67.1,63.8,333310,317077,16233,4.9
1981,Nov,67,63.7,332761,316519,16242,4.9
1981,Dec,66.9,63.6,332278,315985,16293,4.9
1982,Jan,66.8,63.5,331923,315534,16389,4.9
1982,Feb,66.6,63.3,331705,315142,16563,5
1982,Mar,66.6,63.2,331554,314736,16818,5.1
1982,Apr,66.5,63.1,331398,314265,17133,5.2
1982,May,66.5,63,331279,313758,17521,5.3
1982,Jun,66.5,62.9,331259,313298,17961,5.4
1982,Jul,66.5,62.8,331353,312950,18403,5.6
1982,Aug,66.5,62.7,331591,312761,18830,5.7
1982,Sep,66.5,62.7,331975,312758,19217,5.8
1982,Oct,66.5,62.6,332425,312908,19517,5.9
1982,Nov,66.6,62.6,332824,313143,19681,5.9
1982,Dec,66.5,62.5,333086,313372,19714,5.9
1983,Jan,66.5,62.6,333170,313542,19628,5.9
1983,Feb,66.4,62.5,333104,313705,19399,5.8
1983,Mar,66.3,62.5,333012,313959,19053,5.7
1983,Apr,66.2,62.5,333037,314423,18614,5.6
1983,May,66.3,62.7,333262,315162,18100,5.4
1983,Jun,66.2,62.7,333689,316139,17550,5.3
1983,Jul,66.3,62.9,334296,317257,17039,5.1
1983,Aug,66.5,63.2,334988,318380,16608,5
1983,Sep,66.5,63.2,335649,319403,16246,4.8
1983,Oct,66.6,63.4,336197,320289,15908,4.7
1983,Nov,66.7,63.6,336645,321082,15563,4.6
1983,Dec,66.6,63.6,337085,321867,15218,4.5
1984,Jan,66.7,63.8,337694,322773,14921,4.4
1984,Feb,66.9,64,338570,323859,14711,4.3
1984,Mar,67,64.1,339638,325042,14596,4.3
1984,Apr,67.2,64.3,340723,326150,14573,4.3
1984,May,67.4,64.5,341655,327014,14641,4.3
1984,Jun,67.4,64.5,342391,327610,14781,4.3
1984,Jul,67.5,64.6,342944,328005,14939,4.4
1984,Aug,67.6,64.6,343351,328286,15065,4.4
1984,Sep,67.7,64.7,343676,328489,15187,4.4
1984,Oct,67.8,64.8,343985,328632,15353,4.5
1984,Nov,67.9,64.8,344305,328720,15585,4.5
1984,Dec,68,64.8,344614,328760,15854,4.6
1985,Jan,68,64.8,344857,328721,16136,4.7
1985,Feb,68.2,64.9,345001,328562,16439,4.8
1985,Mar,68.2,64.9,345147,328413,16734,4.8
1985,Apr,68.3,64.9,345348,328397,16951,4.9
1985,May,68.3,64.9,345567,328530,17037,4.9
1985,Jun,68.4,65.1,345665,328687,16978,4.9
1985,Jul,68.4,65.1,345581,328730,16851,4.9
1985,Aug,68.3,65,345397,328670,16727,4.8
1985,Sep,68.2,64.9,345239,328608,16631,4.8
1985,Oct,68.1,64.8,345241,328668,16573,4.8
1985,Nov,68.1,64.9,345461,328908,16553,4.8
1985,Dec,68.1,64.8,345862,329301,16561,4.8
1986,Jan,68.2,64.9,346371,329819,16552,4.8
1986,Feb,68.2,64.9,346915,330437,16478,4.7
1986,Mar,68.1,64.9,347378,331035,16343,4.7
1986,Apr,68.2,65,347747,331552,16195,4.7
1986,May,68.1,65,348103,332034,16069,4.6
1986,Jun,68.2,65.1,348557,332567,15990,4.6
1986,Jul,68.2,65.1,349121,333189,15932,4.6
1986,Aug,68.3,65.2,349700,333832,15868,4.5
1986,Sep,68.3,65.2,350210,334427,15783,4.5
1986,Oct,68.3,65.3,350595,334943,15652,4.5
1986,Nov,68.4,65.4,350865,335383,15482,4.4
1986,Dec,68.4,65.5,351102,335805,15297,4.4
1987,Jan,68.4,65.4,351321,336187,15134,4.3
1987,Feb,68.4,65.5,351516,336500,15016,4.3
1987,Mar,68.4,65.5,351713,336760,14953,4.3
1987,Apr,68.5,65.6,351917,336977,14940,4.2
1987,May,68.4,65.5,352167,337227,14940,4.2
1987,Jun,68.4,65.6,352513,337602,14911,4.2
1987,Jul,68.5,65.7,353008,338170,14838,4.2
1987,Aug,68.7,65.8,353672,338927,14745,4.2
1987,Sep,68.7,65.8,354443,339763,14680,4.1
1987,Oct,68.8,66,355227,340528,14699,4.1
1987,Nov,69,66.1,355915,341120,14795,4.2
1987,Dec,68.9,66.1,356424,341495,14929,4.2
1988,Jan,69,66.1,356760,341717,15043,4.2
1988,Feb,69,66.1,356951,341884,15067,4.2
1988,Mar,68.9,66,357022,342050,14972,4.2
1988,Apr,68.9,66.1,357044,342263,14781,4.1
1988,May,68.9,66.1,357058,342488,14570,4.1
1988,Jun,68.8,66,357111,342689,14422,4
1988,Jul,68.8,66.1,357242,342867,14375,4
1988,Aug,68.9,66.1,357453,343047,14406,4
1988,Sep,68.9,66.1,357736,343275,14461,4
1988,Oct,69,66.2,358028,343543,14485,4
1988,Nov,69,66.2,358298,343828,14470,4
1988,Dec,69.1,66.3,358528,344096,14432,4
1989,Jan,69.1,66.4,358749,344359,14390,4
1989,Feb,69.2,66.4,359022,344636,14386,4
1989,Mar,69.2,66.5,359389,344953,14436,4
1989,Apr,69.3,66.5,359825,345302,14523,4
1989,May,69.4,66.6,360297,345670,14627,4.1
1989,Jun,69.5,66.7,360754,346063,14691,4.1
1989,Jul,69.6,66.8,361162,346469,14693,4.1
1989,Aug,69.7,66.8,361553,346910,14643,4.1
1989,Sep,69.7,66.9,361949,347415,14534,4
1989,Oct,69.8,67.1,362384,348028,14356,4
1989,Nov,69.9,67.2,362879,348756,14123,3.9
1989,Dec,70,67.4,363430,349562,13868,3.8
1990,Jan,70.1,67.3,349916,336272,13644,3.9
1990,Feb,69.3,66.6,346289,332805,13484,3.9
1990,Mar,69.1,66.5,345632,332241,13391,3.9
1990,Apr,69.2,66.5,345841,332501,13340,3.9
1990,May,69.2,66.5,346279,332973,13306,3.8
1990,Jun,69.3,66.6,346726,333457,13269,3.8
1990,Jul,69.3,66.7,347104,333913,13191,3.8
1990,Aug,69.4,66.8,347377,334325,13052,3.8
1990,Sep,69.3,66.7,347559,334676,12883,3.7
1990,Oct,69.3,66.7,347686,334962,12724,3.7
1990,Nov,69.1,66.6,347805,335209,12596,3.6
1990,Dec,69.2,66.7,347962,335462,12500,3.6
1991,Jan,69.2,66.7,348155,335722,12433,3.6
1991,Feb,69.2,66.8,348401,336012,12389,3.6
1991,Mar,69.1,66.7,348692,336331,12361,3.5
1991,Apr,69.2,66.7,349025,336679,12346,3.5
1991,May,69.3,66.8,349383,337065,12318,3.5
1991,Jun,69.3,66.9,349746,337471,12275,3.5
1991,Jul,69.2,66.8,350095,337859,12236,3.5
1991,Aug,69.3,66.9,350449,338245,12204,3.5
1991,Sep,69.2,66.8,350879,338716,12163,3.5
1991,Oct,69.3,66.9,351412,339304,12108,3.4
1991,Nov,69.4,67.1,352018,339995,12023,3.4
1991,Dec,69.4,67.1,352673,340754,11919,3.4
1992,Jan,69.5,67.2,353373,341541,11832,3.3
1992,Feb,69.7,67.3,354050,342267,11783,3.3
1992,Mar,69.6,67.3,354666,342880,11786,3.3
1992,Apr,69.7,67.4,355251,343415,11836,3.3
1992,May,69.8,67.5,355817,343913,11904,3.3
1992,Jun,69.8,67.4,356396,344443,11953,3.4
1992,Jul,69.9,67.6,357018,345070,11948,3.3
1992,Aug,69.9,67.6,357653,345750,11903,3.3
1992,Sep,70,67.7,358243,346384,11859,3.3
1992,Oct,69.9,67.6,358802,346937,11865,3.3
1992,Nov,69.9,67.6,359372,347410,11962,3.3
1992,Dec,69.9,67.5,359966,347845,12121,3.4
1993,Jan,70,67.6,360589,348325,12264,3.4
1993,Feb,70,67.6,361279,348925,12354,3.4
1993,Mar,70.1,67.7,362061,349692,12369,3.4
1993,Apr,70.1,67.7,362904,350590,12314,3.4
1993,May,70.1,67.8,363804,351569,12235,3.4
1993,Jun,70.3,68,364768,352596,12172,3.3
1993,Jul,70.4,68,365780,353627,12153,3.3
1993,Aug,70.4,68.1,366818,354648,12170,3.3
1993,Sep,70.5,68.1,367868,355675,12193,3.3
1993,Oct,70.5,68.2,368921,356705,12216,3.3
1993,Nov,70.7,68.4,369986,357758,12228,3.3
1993,Dec,70.8,68.4,371075,358837,12238,3.3
1994,Jan,70.8,68.5,372196,359937,12259,3.3
1994,Feb,71.1,68.7,373367,361087,12280,3.3
1994,Mar,71.1,68.8,374567,362271,12296,3.3
1994,Apr,71.2,68.9,375768,363459,12309,3.3
1994,May,71.4,69.1,376948,364614,12334,3.3
1994,Jun,71.5,69.1,378032,365651,12381,3.3
1994,Jul,71.5,69.2,378996,366554,12442,3.3
1994,Aug,71.7,69.3,379892,367395,12497,3.3
1994,Sep,71.7,69.3,380760,368246,12514,3.3
1994,Oct,71.7,69.4,381624,369194,12430,3.3
1994,Nov,71.9,69.6,382505,370262,12243,3.2
1994,Dec,71.9,69.6,383371,371355,12016,3.1
1995,Jan,72,69.8,384168,372375,11793,3.1
1995,Feb,72,69.8,384850,373227,11623,3
1995,Mar,72,69.8,385415,373873,11542,3
1995,Apr,72,69.9,385929,374375,11554,3
1995,May,72,69.8,386436,374819,11617,3
1995,Jun,72.1,69.9,386991,375298,11693,3
1995,Jul,72.1,69.9,387620,375846,11774,3
1995,Aug,72,69.8,388264,376428,11836,3
1995,Sep,72.1,69.9,388874,376986,11888,3.1
1995,Oct,72.1,69.9,389408,377434,11974,3.1
1995,Nov,72,69.8,389836,377734,12102,3.1
1995,Dec,72.1,69.8,390184,377943,12241,3.1
1996,Jan,72,69.7,390468,378085,12383,3.2
1996,Feb,72,69.7,390676,378161,12515,3.2
1996,Mar,71.9,69.6,390829,378226,12603,3.2
1996,Apr,71.9,69.6,390925,378300,12625,3.2
1996,May,71.8,69.5,391011,378434,12577,3.2
1996,Jun,71.8,69.5,391162,378696,12466,3.2
1996,Jul,71.7,69.4,391376,379057,12319,3.1
1996,Aug,71.7,69.5,391591,379395,12196,3.1
1996,Sep,71.6,69.4,391723,379594,12129,3.1
1996,Oct,71.6,69.4,391709,379625,12084,3.1
1996,Nov,71.5,69.3,391553,379508,12045,3.1
1996,Dec,71.5,69.3,391356,379356,12000,3.1
1997,Jan,71.5,69.3,391270,379336,11934,3.1
1997,Feb,71.5,69.3,391419,379588,11831,3
1997,Mar,71.5,69.4,391842,380141,11701,3
1997,Apr,71.6,69.5,392498,380915,11583,3
1997,May,71.6,69.5,393245,381737,11508,2.9
1997,Jun,71.7,69.7,393892,382411,11481,2.9
1997,Jul,71.8,69.7,394354,382885,11469,2.9
1997,Aug,71.9,69.8,394661,383211,11450,2.9
1997,Sep,71.9,69.8,394906,383486,11420,2.9
1997,Oct,71.8,69.7,395188,383785,11403,2.9
1997,Nov,71.9,69.8,395546,384148,11398,2.9
1997,Dec,71.9,69.9,395953,384564,11389,2.9
1998,Jan,72,69.9,396368,384993,11375,2.9
1998,Feb,72.1,70,396801,385439,11362,2.9
1998,Mar,72.1,70.1,397245,385904,11341,2.9
1998,Apr,72.2,70.1,397706,386424,11282,2.8
1998,May,72.3,70.2,398202,387024,11178,2.8
1998,Jun,72.4,70.4,398781,387716,11065,2.8
1998,Jul,72.5,70.5,399460,388478,10982,2.7
1998,Aug,72.5,70.5,400225,389282,10943,2.7
1998,Sep,72.6,70.6,401038,390085,10953,2.7
1998,Oct,72.6,70.6,401819,390812,11007,2.7
1998,Nov,72.7,70.7,402515,391440,11075,2.8
1998,Dec,72.8,70.8,403113,391975,11138,2.8
1999,Jan,72.9,70.9,403600,392436,11164,2.8
1999,Feb,72.8,70.8,403979,392839,11140,2.8
1999,Mar,72.9,70.9,404311,393210,11101,2.7
1999,Apr,72.9,70.9,404678,393581,11097,2.7
1999,May,73,71,405138,393987,11151,2.8
1999,Jun,73,70.9,405695,394460,11235,2.8
1999,Jul,73,71,406307,395008,11299,2.8
1999,Aug,73,71,406924,395629,11295,2.8
1999,Sep,73.1,71.1,407505,396310,11195,2.7
1999,Oct,73.1,71.1,408053,397061,10992,2.7
1999,Nov,73.1,71.2,408562,397876,10686,2.6
1999,Dec,73.1,71.2,408983,398652,10331,2.5
2000,Jan,73.1,71.3,409296,399284,10012,2.4
2000,Feb,73.1,71.4,409464,399672,9792,2.4
2000,Mar,73,71.3,409423,399738,9685,2.4
2000,Apr,73,71.3,409173,399500,9673,2.4
2000,May,72.9,71.2,408782,399068,9714,2.4
2000,Jun,72.8,71,408367,398567,9800,2.4
2000,Jul,72.7,70.9,408038,398107,9931,2.4
2000,Aug,72.6,70.8,407867,397796,10071,2.5
2000,Sep,72.5,70.7,407909,397714,10195,2.5
2000,Oct,72.5,70.7,408177,397862,10315,2.5
2000,Nov,72.5,70.7,408625,398142,10483,2.6
2000,Dec,72.6,70.7,409196,398482,10714,2.6
2001,Jan,72.7,70.7,409835,398834,11001,2.7
2001,Feb,72.7,70.7,410505,399159,11346,2.8
2001,Mar,72.8,70.7,411194,399458,11736,2.9
2001,Apr,72.9,70.7,411840,399706,12134,2.9
2001,May,72.9,70.7,412392,399869,12523,3
2001,Jun,72.9,70.6,412830,399978,12852,3.1
2001,Jul,72.9,70.6,413211,400105,13106,3.2
2001,Aug,72.9,70.6,413574,400243,13331,3.2
2001,Sep,72.9,70.6,413891,400357,13534,3.3
2001,Oct,72.9,70.5,414163,400453,13710,3.3
2001,Nov,72.9,70.5,414427,400552,13875,3.3
2001,Dec,72.9,70.5,414718,400708,14010,3.4
2002,Jan,72.9,70.5,415035,400968,14067,3.4
2002,Feb,73,70.5,415376,401378,13998,3.4
2002,Mar,73,70.6,415760,401956,13804,3.3
2002,Apr,73,70.7,416203,402688,13515,3.2
2002,May,73.1,70.8,416707,403528,13179,3.2
2002,Jun,73.1,70.8,417247,404366,12881,3.1
2002,Jul,73.1,70.9,417775,405084,12691,3
2002,Aug,73.2,71,418292,405648,12644,3
2002,Sep,73.2,71,418839,406059,12780,3.1
2002,Oct,73.2,70.9,419389,406332,13057,3.1
2002,Nov,73.3,70.9,419910,406519,13391,3.2
2002,Dec,73.3,70.9,420382,406650,13732,3.3
2003,Jan,73.3,70.9,420793,406734,14059,3.3
2003,Feb,73.3,70.8,421143,406801,14342,3.4
2003,Mar,73.4,70.8,421482,406913,14569,3.5
2003,Apr,73.4,70.8,421857,407105,14752,3.5
2003,May,73.4,70.8,422263,407362,14901,3.5
2003,Jun,73.4,70.8,422703,407688,15015,3.6
2003,Jul,73.4,70.8,423183,408074,15109,3.6
2003,Aug,73.4,70.8,423672,408484,15188,3.6
2003,Sep,73.4,70.8,424131,408902,15229,3.6
2003,Oct,73.4,70.8,424549,409290,15259,3.6
2003,Nov,73.4,70.8,424927,409639,15288,3.6
2003,Dec,73.4,70.8,425291,409985,15306,3.6
2004,Jan,73.4,70.8,425695,410362,15333,3.6
2004,Feb,73.4,70.8,426136,410752,15384,3.6
2004,Mar,73.4,70.8,426554,411086,15468,3.6
2004,Apr,73.4,70.8,426930,411348,15582,3.6
2004,May,73.4,70.7,427303,411580,15723,3.7
2004,Jun,73.4,70.7,427681,411799,15882,3.7
2004,Jul,73.4,70.6,428019,412006,16013,3.7
2004,Aug,73.4,70.6,428302,412193,16109,3.8
2004,Sep,73.3,70.6,428543,412342,16201,3.8
2004,Oct,73.3,70.5,428777,412457,16320,3.8
2004,Nov,73.3,70.5,429034,412556,16478,3.8
2004,Dec,73.3,70.4,429319,412626,16693,3.9
2005,Jan,73.3,70.4,429600,412675,16925,3.9
2005,Feb,73.2,70.3,429872,412747,17125,4
2005,Mar,73.2,70.3,430124,412887,17237,4
2005,Apr,73.2,70.3,430330,413109,17221,4
2005,May,73.2,70.3,430470,413393,17077,4
2005,Jun,73.1,70.2,430533,413714,16819,3.9
2005,Jul,73,70.2,430596,414081,16515,3.8
2005,Aug,73,70.2,430720,414516,16204,3.8
2005,Sep,72.9,70.2,430889,415027,15862,3.7
2005,Oct,72.8,70.2,431072,415608,15464,3.6
2005,Nov,72.8,70.2,431219,416219,15000,3.5
2005,Dec,72.7,70.3,431305,416833,14472,3.4
2006,Jan,72.6,70.3,431391,417472,13919,3.2
2006,Feb,72.6,70.3,431569,418136,13433,3.1
2006,Mar,72.6,70.4,431934,418827,13107,3
2006,Apr,72.6,70.4,432537,419540,12997,3
2006,May,72.7,70.5,433362,420263,13099,3
2006,Jun,72.8,70.5,434361,420998,13363,3.1
2006,Jul,72.9,70.6,435424,421748,13676,3.1
2006,Aug,73,70.6,436431,422520,13911,3.2
2006,Sep,73,70.7,437338,423306,14032,3.2
2006,Oct,73.1,70.7,438116,424108,14008,3.2
2006,Nov,73.1,70.8,438783,424933,13850,3.2
2006,Dec,73.1,70.9,439388,425790,13598,3.1
2007,Jan,73.1,70.9,439948,426650,13298,3
2007,Feb,73.2,71,440491,427495,12996,3
2007,Mar,73.2,71.1,441050,428325,12725,2.9
2007,Apr,73.2,71.1,441628,429110,12518,2.8
2007,May,73.2,71.2,442211,429810,12401,2.8
2007,Jun,73.2,71.2,442761,430387,12374,2.8
2007,Jul,73.2,71.2,443212,430791,12421,2.8
2007,Aug,73.2,71.2,443530,431043,12487,2.8
2007,Sep,73.2,71.1,443750,431258,12492,2.8
2007,Oct,73.1,71.1,443920,431555,12365,2.8
2007,Nov,73.1,71.1,444097,431994,12103,2.7
2007,Dec,73.1,71.1,444324,432549,11775,2.7
2008,Jan,73.1,71.2,444614,433113,11501,2.6
2008,Feb,73.1,71.2,444934,433539,11395,2.6
2008,Mar,73,71.2,445255,433726,11529,2.6
2008,Apr,73,71.1,445581,433680,11901,2.7
2008,May,73,71,445935,433494,12441,2.8
2008,Jun,73,70.9,446340,433263,13077,2.9
2008,Jul,73,70.8,446783,433062,13721,3.1
2008,Aug,73,70.7,447254,432892,14362,3.2
2008,Sep,73.1,70.6,447704,432657,15047,3.4
2008,Oct,73.1,70.5,448126,432275,15851,3.5
2008,Nov,73.1,70.3,448490,431631,16859,3.8
2008,Dec,73,70.1,448751,430683,18068,4
2009,Jan,73,69.9,448873,429485,19388,4.3
2009,Feb,73,69.6,448857,428191,20666,4.6
2009,Mar,72.9,69.4,448669,426943,21726,4.8
2009,Apr,72.8,69.1,448261,425835,22426,5
2009,May,72.6,68.9,447622,424897,22725,5.1
2009,Jun,72.4,68.7,446795,424108,22687,5.1
2009,Jul,72.2,68.6,445876,423404,22472,5
2009,Aug,72,68.4,444943,422672,22271,5
2009,Sep,71.7,68.1,444039,421849,22190,5
2009,Oct,71.5,67.9,443231,420933,22298,5
2009,Nov,71.3,67.7,442586,420078,22508,5.1
2009,Dec,71.2,67.5,442135,419447,22688,5.1
2010,Jan,71.1,67.4,441836,419084,22752,5.1
2010,Feb,71,67.3,441620,418975,22645,5.1
2010,Mar,70.9,67.3,441460,419069,22391,5.1
2010,Apr,71.6,68,441349,419274,22075,5
2010,May,71.6,68,441263,419478,21785,4.9
2010,Jun,71.5,68,441191,419615,21576,4.9
2010,Jul,71.4,67.9,441139,419657,21482,4.9
2010,Aug,71.3,67.9,441133,419628,21505,4.9
2010,Sep,71.3,67.8,441175,419549,21626,4.9
2010,Oct,71.2,67.7,441234,419429,21805,4.9
2010,Nov,71.2,67.6,441279,419273,22006,5
2010,Dec,71.1,67.6,441300,419108,22192,5
2011,Jan,71.1,67.5,441272,418997,22275,5
2011,Feb,71,67.4,441179,418972,22207,5
2011,Mar,70.9,67.4,441026,419051,21975,5
2011,Apr,70.9,67.4,440858,419228,21630,4.9
2011,May,70.8,67.4,440727,419481,21246,4.8
2011,Jun,70.7,67.4,440642,419761,20881,4.7
2011,Jul,70.7,67.4,440627,420059,20568,4.7
2011,Aug,70.6,67.3,440691,420389,20302,4.6
2011,Sep,70.5,67.3,440813,420740,20073,4.6
2011,Oct,70.4,67.3,440931,421072,19859,4.5
2011,Nov,70.4,67.3,441021,421389,19632,4.5
2011,Dec,70.3,67.2,441098,421695,19403,4.4
2012,Jan,70.3,67.2,441209,422007,19202,4.4
2012,Feb,70.2,67.2,441386,422317,19069,4.3
2012,Mar,70.2,67.2,441604,422584,19020,4.3
2012,Apr,70.2,67.1,441843,422801,19042,4.3
2012,May,70.1,67.1,442106,422989,19117,4.3
2012,Jun,70.1,67,442401,423183,19218,4.3
2012,Jul,70.1,67,442705,423437,19268,4.4
2012,Aug,70,67,442971,423775,19196,4.3
2012,Sep,70,67,443188,424200,18988,4.3
2012,Oct,69.9,67,443337,424686,18651,4.2
2012,Nov,69.9,67,443353,425088,18265,4.1
2012,Dec,69.8,67,443215,425308,17907,4
2013,Jan,69.7,66.9,442860,425254,17606,4
2013,Feb,69.6,66.9,442604,425231,17373,3.9
2013,Mar,69.5,66.8,442425,425222,17203,3.9
2013,Apr,69.5,66.8,442384,425312,17072,3.9
2013,May,69.4,66.7,442478,425520,16958,3.8
2013,Jun,69.4,66.7,442689,425837,16852,3.8
2013,Jul,69.3,66.7,442951,426207,16744,3.8
2013,Aug,69.3,66.7,443230,426610,16620,3.7
2013,Sep,69.3,66.8,443529,427061,16468,3.7
2013,Oct,69.3,66.8,443854,427557,16297,3.7
2013,Nov,69.4,66.8,444225,428094,16131,3.6
2013,Dec,69.4,66.9,444624,428645,15979,3.6
2014,Jan,69.4,66.9,445072,429208,15864,3.6
2014,Feb,69.4,67,445400,429618,15782,3.5
2014,Mar,69.4,67,445688,429987,15701,3.5
2014,Apr,69.4,67,445936,430343,15593,3.5
2014,May,69.4,67,446170,430747,15423,3.5
2014,Jun,69.4,67,446417,431207,15210,3.4
2014,Jul,69.4,67.1,446714,431682,15032,3.4
2014,Aug,69.4,67.1,447072,432127,14945,3.3
2014,Sep,69.4,67.1,447431,432494,14937,3.3
2014,Oct,69.4,67.1,447762,432790,14972,3.3
2014,Nov,69.4,67.1,448053,433078,14975,3.3
2014,Dec,69.5,67.1,448322,433416,14906,3.3
2015,Jan,69.5,67.2,448587,433802,14785,3.3
2015,Feb,69.5,67.2,448926,434288,14638,3.3
2015,Mar,69.5,67.3,449292,434793,14499,3.2
2015,Apr,69.6,67.3,449621,435239,14382,3.2
2015,May,69.5,67.3,449854,435572,14282,3.2
2015,Jun,69.5,67.3,449963,435802,14161,3.1
2015,Jul,69.5,67.3,449992,436011,13981,3.1
2015,Aug,69.4,67.3,450016,436266,13750,3.1
2015,Sep,69.4,67.3,450107,436606,13501,3
2015,Oct,69.3,67.3,450291,437020,13271,2.9
2015,Nov,69.3,67.3,450559,437475,13084,2.9
2015,Dec,69.3,67.3,450862,437914,12948,2.9
2016,Jan,69.3,67.3,451130,438270,12860,2.9
2016,Feb,69.3,67.3,451361,438525,12836,2.8
2016,Mar,69.3,67.3,451611,438723,12888,2.9
2016,Apr,69.3,67.3,451947,438929,13018,2.9
2016,May,69.3,67.2,452368,439160,13208,2.9
2016,Jun,69.3,67.2,452822,439405,13417,3
2016,Jul,69.3,67.2,453237,439630,13607,3
2016,Aug,69.3,67.2,453555,439790,13765,3
2016,Sep,69.2,67.1,453770,439870,13900,3.1
2016,Oct,69.2,67,453880,439859,14021,3.1
2016,Nov,69.1,66.9,453963,439833,14130,3.1
2016,Dec,69.1,66.9,454122,439900,14222,3.1
2017,Jan,69,66.9,454425,440134,14291,3.1
2017,Feb,69,66.9,454822,440485,14337,3.2
2017,Mar,69,66.9,455220,440838,14382,3.2
2017,Apr,69,66.9,455580,441133,14447,3.2
2017,May,69,66.8,455900,441358,14542,3.2
2017,Jun,69,66.8,456183,441520,14663,3.2
2017,Jul,69,66.7,456433,441644,14789,3.2
2017,Aug,69,66.7,456677,441802,14875,3.3
2017,Sep,68.9,66.7,456949,442057,14892,3.3
2017,Oct,68.9,66.7,457283,442454,14829,3.2
2017,Nov,68.9,66.7,457627,442897,14730,3.2
2017,Dec,68.9,66.7,457922,443288,14634,3.2
2018,Jan,69,66.8,458170,443624,14546,3.2
2018,Feb,68.9,66.8,458394,443930,14464,3.2
2018,Mar,68.9,66.8,458607,444237,14370,3.1
2018,Apr,68.9,66.8,458801,444552,14249,3.1
2018,May,68.9,66.8,459001,444878,14123,3.1
2018,Jun,68.9,66.8,459232,445222,14010,3.1
2018,Jul,68.9,66.8,459510,445595,13915,3
2018,Aug,68.9,66.8,459843,445991,13852,3
2018,Sep,68.9,66.8,460219,446385,13834,3
2018,Oct,68.9,66.8,460622,446743,13879,3
2018,Nov,68.9,66.8,461020,447039,13981,3
2018,Dec,68.9,66.8,461384,447254,14130,3.1
2019,Jan,68.9,66.8,461674,447348,14326,3.1
2019,Feb,68.9,66.8,461922,447375,14547,3.1
2019,Mar,68.9,66.7,462185,447414,14771,3.2
2019,Apr,68.9,66.7,462504,447528,14976,3.2
2019,May,68.9,66.7,462916,447776,15140,3.3
2019,Jun,69,66.7,463467,448192,15275,3.3
2019,Jul,69,66.7,464203,448786,15417,3.3
2019,Aug,69.1,66.8,464900,449335,15565,3.3
2019,Sep,69.1,66.8,465518,449811,15707,3.4
2019,Oct,69.1,66.8,465907,450107,15800,3.4
2019,Nov,69,66.7,465885,450090,15795,3.4
2019,Dec,69,66.7,465805,450033,15772,3.4
2020,Jan,69,66.7,466500,450689,15811,3.4
2020,Feb,69.1,66.8,467108,451498,15610,3.3
2020,Mar,69.2,67.1,468175,453878,14297,3.1
2020,Apr,69.5,61.9,470300,419024,51276,10.9
2020,May,68.5,62.1,464195,420530,43665,9.4
2020,Jun,69.2,64.2,468994,435141,33853,7.2
2020,Jul,68.7,64.3,466239,436284,29955,6.4
2020,Aug,67.8,64.5,460534,438303,22231,4.8
2020,Sep,68.1,65.3,463131,444072,19059,4.1
