Year,Period,labor force participation rate,employment-population ratio,labor force,employment,unemployment,unemployment rate
1976,Jan,63,59.4,519498,489265,30233,5.8
1976,Feb,62.8,59.2,519124,488892,30232,5.8
1976,Mar,62.7,59.1,519114,489008,30106,5.8
1976,Apr,62.7,59.1,520609,490860,29749,5.7
1976,May,62.8,59.3,522952,493574,29378,5.6
1976,Jun,63,59.5,525864,496755,29109,5.5
1976,Jul,63.2,59.7,528720,499743,28977,5.5
1976,Aug,63.2,59.8,531187,502237,28950,5.5
1976,Sep,63.3,59.9,533344,504388,28956,5.4
1976,Oct,63.4,59.9,535313,506233,29080,5.4
1976,Nov,63.4,60,537110,507863,29247,5.4
1976,Dec,63.4,59.9,538754,509397,29357,5.4
1977,Jan,63.4,60,540348,510947,29401,5.4
1977,Feb,63.4,59.9,541806,512411,29395,5.4
1977,Mar,63.4,59.9,542953,513602,29351,5.4
1977,Apr,63.2,59.8,543772,514549,29223,5.4
1977,May,63.2,59.8,544359,515376,28983,5.3
1977,Jun,63,59.7,544934,516273,28661,5.3
1977,Jul,62.9,59.7,545716,517420,28296,5.2
1977,Aug,62.8,59.6,546742,518892,27850,5.1
1977,Sep,62.8,59.7,547901,520646,27255,5
1977,Oct,62.7,59.7,549012,522505,26507,4.8
1977,Nov,62.7,59.8,550082,524376,25706,4.7
1977,Dec,62.6,59.8,551280,526306,24974,4.5
1978,Jan,62.7,59.9,552766,528496,24270,4.4
1978,Feb,62.7,60,554691,531154,23537,4.2
1978,Mar,62.7,60.2,557046,534303,22743,4.1
1978,Apr,62.9,60.4,559635,537711,21924,3.9
1978,May,63,60.6,562309,541157,21152,3.8
1978,Jun,63.1,60.8,564976,544499,20477,3.6
1978,Jul,63.2,61,567695,547648,20047,3.5
1978,Aug,63.3,61.1,570621,550647,19974,3.5
1978,Sep,63.6,61.3,573904,553635,20269,3.5
1978,Oct,63.7,61.5,577566,556792,20774,3.6
1978,Nov,64,61.6,581432,560094,21338,3.7
1978,Dec,64.2,61.8,585161,563281,21880,3.7
1979,Jan,64.4,61.9,588488,566078,22410,3.8
1979,Feb,64.5,62,591479,568486,22993,3.9
1979,Mar,64.7,62.1,594469,570800,23669,4
1979,Apr,64.8,62.2,597728,573264,24464,4.1
1979,May,65,62.3,601198,575869,25329,4.2
1979,Jun,65.2,62.4,604570,578416,26154,4.3
1979,Jul,65.3,62.4,607609,580781,26828,4.4
1979,Aug,65.4,62.5,610194,582839,27355,4.5
1979,Sep,65.4,62.4,612357,584495,27862,4.5
1979,Oct,65.4,62.4,614286,585803,28483,4.6
1979,Nov,65.4,62.3,616305,586967,29338,4.8
1979,Dec,65.5,62.2,618661,588238,30423,4.9
1980,Jan,65.6,62.2,621442,589704,31738,5.1
1980,Feb,65.6,62.2,624321,591078,33243,5.3
1980,Mar,65.8,62.1,626716,591829,34887,5.6
1980,Apr,65.7,61.9,628294,591741,36553,5.8
1980,May,65.7,61.7,629188,591027,38161,6.1
1980,Jun,65.5,61.4,629777,590091,39686,6.3
1980,Jul,65.5,61.2,630325,589294,41031,6.5
1980,Aug,65.4,61,631044,588968,42076,6.7
1980,Sep,65.3,60.9,632024,589327,42697,6.8
1980,Oct,65.3,60.9,633225,590338,42887,6.8
1980,Nov,65.3,60.9,634546,591829,42717,6.7
1980,Dec,65.2,60.9,635845,593525,42320,6.7
1981,Jan,65.2,60.9,637013,595157,41856,6.6
1981,Feb,65.2,60.9,638134,596696,41438,6.5
1981,Mar,65.1,60.9,639467,598306,41161,6.4
1981,Apr,65.2,61,641079,600013,41066,6.4
1981,May,65.2,61,642935,601760,41175,6.4
1981,Jun,65.2,61,645022,603563,41459,6.4
1981,Jul,65.3,61.1,647305,605438,41867,6.5
1981,Aug,65.4,61.2,649701,607339,42362,6.5
1981,Sep,65.5,61.2,652219,609203,43016,6.6
1981,Oct,65.7,61.3,654832,610961,43871,6.7
1981,Nov,65.7,61.3,657417,612516,44901,6.8
1981,Dec,65.9,61.3,660007,613925,46082,7
1982,Jan,66,61.3,662553,615299,47254,7.1
1982,Feb,66.1,61.3,664950,616596,48354,7.3
1982,Mar,66.2,61.3,667197,617744,49453,7.4
1982,Apr,66.3,61.3,669406,618728,50678,7.6
1982,May,66.3,61.2,671537,619486,52051,7.8
1982,Jun,66.4,61.1,673501,619898,53603,8
1982,Jul,66.4,61,675269,619868,55401,8.2
1982,Aug,66.4,60.7,676843,619441,57402,8.5
1982,Sep,66.3,60.5,678173,618774,59399,8.8
1982,Oct,66.3,60.3,679286,618086,61200,9
1982,Nov,66.2,60.1,680293,617582,62711,9.2
1982,Dec,66.1,59.9,681172,617292,63880,9.4
1983,Jan,66,59.7,682025,617215,64810,9.5
1983,Feb,65.9,59.5,682974,617517,65457,9.6
1983,Mar,65.8,59.5,683938,618317,65621,9.6
1983,Apr,65.7,59.5,684901,619697,65204,9.5
1983,May,65.6,59.5,685948,621727,64221,9.4
1983,Jun,65.6,59.6,687113,624429,62684,9.1
1983,Jul,65.5,59.7,688410,627739,60671,8.8
1983,Aug,65.6,60.1,689748,631344,58404,8.5
1983,Sep,65.7,60.4,690966,634859,56107,8.1
1983,Oct,65.9,60.8,691994,638015,53979,7.8
1983,Nov,66,61,692797,640708,52089,7.5
1983,Dec,66.1,61.2,693532,643078,50454,7.3
1984,Jan,66.1,61.5,694387,645382,49005,7.1
1984,Feb,66.3,61.8,695504,647801,47703,6.9
1984,Mar,66.4,62,697039,650448,46591,6.7
1984,Apr,66.6,62.3,698967,653310,45657,6.5
1984,May,66.8,62.6,701168,656218,44950,6.4
1984,Jun,67.1,62.9,703496,658949,44547,6.3
1984,Jul,67.3,63.1,705752,661331,44421,6.3
1984,Aug,67.5,63.2,707870,663403,44467,6.3
1984,Sep,67.6,63.3,709953,665304,44649,6.3
1984,Oct,67.7,63.4,712095,667179,44916,6.3
1984,Nov,67.8,63.6,714392,669183,45209,6.3
1984,Dec,68,63.7,716818,671378,45440,6.3
1985,Jan,68.1,63.8,719230,673699,45531,6.3
1985,Feb,68.3,64,721571,676047,45524,6.3
1985,Mar,68.4,64.1,723800,678384,45416,6.3
1985,Apr,68.5,64.3,725897,680726,45171,6.2
1985,May,68.6,64.4,727887,683130,44757,6.1
1985,Jun,68.7,64.6,729813,685616,44197,6.1
1985,Jul,68.8,64.7,731782,688117,43665,6
1985,Aug,69,64.9,733850,690572,43278,5.9
1985,Sep,69,65,735929,692908,43021,5.8
1985,Oct,69.2,65.1,737899,695083,42816,5.8
1985,Nov,69.3,65.3,739677,697053,42624,5.8
1985,Dec,69.3,65.4,741225,698754,42471,5.7
1986,Jan,69.3,65.4,742617,700200,42417,5.7
1986,Feb,69.4,65.4,743937,701486,42451,5.7
1986,Mar,69.5,65.5,745252,702619,42633,5.7
1986,Apr,69.5,65.5,746690,703592,43098,5.8
1986,May,69.5,65.5,748297,704412,43885,5.9
1986,Jun,69.6,65.5,749990,705076,44914,6
1986,Jul,69.7,65.5,751605,705609,45996,6.1
1986,Aug,69.8,65.4,752995,705981,47014,6.2
1986,Sep,69.8,65.4,754158,706173,47985,6.4
1986,Oct,69.9,65.4,755182,706256,48926,6.5
1986,Nov,69.9,65.3,756101,706307,49794,6.6
1986,Dec,70,65.3,756954,706497,50457,6.7
1987,Jan,70,65.3,757654,706838,50816,6.7
1987,Feb,70,65.3,758012,707167,50845,6.7
1987,Mar,69.9,65.3,757953,707422,50531,6.7
1987,Apr,69.8,65.2,757391,707550,49841,6.6
1987,May,69.6,65.1,756360,707515,48845,6.5
1987,Jun,69.5,65.1,755146,707436,47710,6.3
1987,Jul,69.4,65.1,754113,707529,46584,6.2
1987,Aug,69.3,65.1,753518,707976,45542,6
1987,Sep,69.2,65.1,753436,708860,44576,5.9
1987,Oct,69.2,65.2,753755,710072,43683,5.8
1987,Nov,69.2,65.3,754277,711446,42831,5.7
1987,Dec,69.2,65.3,754785,712787,41998,5.6
1988,Jan,69.2,65.4,755148,714013,41135,5.4
1988,Feb,69.1,65.4,755396,715191,40205,5.3
1988,Mar,69.1,65.5,755700,716393,39307,5.2
1988,Apr,69.1,65.6,756360,717782,38578,5.1
1988,May,69.2,65.7,757584,719534,38050,5
1988,Jun,69.3,65.8,759286,721615,37671,5
1988,Jul,69.4,66,761231,723874,37357,4.9
1988,Aug,69.5,66.1,763251,726221,37030,4.9
1988,Sep,69.6,66.3,765216,728600,36616,4.8
1988,Oct,69.7,66.5,767055,730968,36087,4.7
1988,Nov,69.8,66.6,768899,733345,35554,4.6
1988,Dec,70,66.8,770954,735783,35171,4.6
1989,Jan,70.1,66.9,773427,738397,35030,4.5
1989,Feb,70.3,67.1,776345,741203,35142,4.5
1989,Mar,70.5,67.3,779508,744150,35358,4.5
1989,Apr,70.7,67.5,782636,747080,35556,4.5
1989,May,70.9,67.7,785534,749810,35724,4.5
1989,Jun,71.1,67.8,788234,752360,35874,4.6
1989,Jul,71.2,68,790813,754791,36022,4.6
1989,Aug,71.3,68.1,793347,757197,36150,4.6
1989,Sep,71.5,68.3,795941,759721,36220,4.6
1989,Oct,71.7,68.4,798678,762463,36215,4.5
1989,Nov,71.9,68.6,801508,765378,36130,4.5
1989,Dec,72.1,68.8,804375,768336,36039,4.5
1990,Jan,71,67.8,807244,771214,36030,4.5
1990,Feb,71,67.8,810108,773972,36136,4.5
1990,Mar,71,67.8,812954,776622,36332,4.5
1990,Apr,71,67.8,815752,779237,36515,4.5
1990,May,70.9,67.7,818538,781977,36561,4.5
1990,Jun,70.9,67.8,821247,784828,36419,4.4
1990,Jul,71,67.8,823873,787745,36128,4.4
1990,Aug,71,67.9,826442,790606,35836,4.3
1990,Sep,70.9,67.9,828932,793215,35717,4.3
1990,Oct,70.9,67.8,831368,795511,35857,4.3
1990,Nov,70.9,67.8,833788,797545,36243,4.3
1990,Dec,70.9,67.8,836135,799371,36764,4.4
1991,Jan,70.9,67.7,838374,801034,37340,4.5
1991,Feb,70.9,67.7,840623,802677,37946,4.5
1991,Mar,70.9,67.7,842975,804428,38547,4.6
1991,Apr,70.9,67.6,845497,806359,39138,4.6
1991,May,70.9,67.6,848146,808466,39680,4.7
1991,Jun,71,67.6,850903,810756,40147,4.7
1991,Jul,71,67.6,853677,813140,40537,4.7
1991,Aug,71,67.6,856381,815515,40866,4.8
1991,Sep,70.9,67.5,859093,817891,41202,4.8
1991,Oct,70.9,67.5,861865,820256,41609,4.8
1991,Nov,70.9,67.4,864750,822673,42077,4.9
1991,Dec,70.9,67.4,867831,825270,42561,4.9
1992,Jan,70.9,67.4,871120,828107,43013,4.9
1992,Feb,71,67.5,874447,831108,43339,5
1992,Mar,71.1,67.5,877691,834201,43490,5
1992,Apr,71.1,67.5,880748,837278,43470,4.9
1992,May,71,67.5,883536,840224,43312,4.9
1992,Jun,71,67.6,886184,843074,43110,4.9
1992,Jul,71,67.6,888996,846028,42968,4.8
1992,Aug,71,67.6,892233,849329,42904,4.8
1992,Sep,71.1,67.7,895927,853082,42845,4.8
1992,Oct,71.1,67.7,900092,857357,42735,4.7
1992,Nov,71.2,67.8,904598,862080,42518,4.7
1992,Dec,71.3,68,909236,867096,42140,4.6
1993,Jan,71.4,68.2,913903,872309,41594,4.6
1993,Feb,71.6,68.4,918630,877686,40944,4.5
1993,Mar,71.7,68.6,923497,883224,40273,4.4
1993,Apr,71.9,68.8,928547,888907,39640,4.3
1993,May,72,69,933773,894681,39092,4.2
1993,Jun,72.2,69.2,939043,900453,38590,4.1
1993,Jul,72.3,69.4,944141,906127,38014,4
1993,Aug,72.5,69.6,949010,911658,37352,3.9
1993,Sep,72.5,69.7,953711,917054,36657,3.8
1993,Oct,72.6,69.9,958283,922271,36012,3.8
1993,Nov,72.7,70,962796,927221,35575,3.7
1993,Dec,72.8,70.1,967373,931929,35444,3.7
1994,Jan,72.9,70.2,971968,936406,35562,3.7
1994,Feb,73,70.3,976422,940576,35846,3.7
1994,Mar,73.1,70.4,980604,944369,36235,3.7
1994,Apr,73.1,70.4,984472,947815,36657,3.7
1994,May,73.1,70.4,988022,950968,37054,3.8
1994,Jun,73.1,70.4,991218,953806,37412,3.8
1994,Jul,73.1,70.3,994097,956310,37787,3.8
1994,Aug,73.1,70.3,996620,958431,38189,3.8
1994,Sep,73,70.2,998790,960221,38569,3.9
1994,Oct,72.9,70.1,1000630,961853,38777,3.9
1994,Nov,72.8,70,1002231,963548,38683,3.9
1994,Dec,72.7,69.9,1003593,965292,38301,3.8
1995,Jan,72.6,69.8,1004691,966947,37744,3.8
1995,Feb,72.4,69.7,1005645,968511,37134,3.7
1995,Mar,72.3,69.7,1006574,970025,36549,3.6
1995,Apr,72.1,69.6,1007653,971593,36060,3.6
1995,May,72.1,69.5,1009063,973365,35698,3.5
1995,Jun,72,69.4,1010865,975427,35438,3.5
1995,Jul,71.9,69.4,1012954,977759,35195,3.5
1995,Aug,71.9,69.4,1015155,980279,34876,3.4
1995,Sep,71.8,69.4,1017351,982839,34512,3.4
1995,Oct,71.8,69.4,1019434,985194,34240,3.4
1995,Nov,71.7,69.3,1021336,987184,34152,3.3
1995,Dec,71.6,69.2,1023117,988860,34257,3.3
1996,Jan,71.6,69.2,1025002,990481,34521,3.4
1996,Feb,71.5,69.1,1027106,992261,34845,3.4
1996,Mar,71.5,69.1,1029468,994351,35117,3.4
1996,Apr,71.5,69,1031988,996755,35233,3.4
1996,May,71.5,69,1034545,999400,35145,3.4
1996,Jun,71.4,69,1037180,1002243,34937,3.4
1996,Jul,71.5,69.1,1039963,1005197,34766,3.3
1996,Aug,71.5,69.1,1042877,1008115,34762,3.3
1996,Sep,71.5,69.1,1045763,1010840,34923,3.3
1996,Oct,71.5,69.1,1048543,1013422,35121,3.3
1996,Nov,71.5,69.2,1051224,1016036,35188,3.3
1996,Dec,71.6,69.2,1053858,1018849,35009,3.3
1997,Jan,71.6,69.3,1056500,1021888,34612,3.3
1997,Feb,71.7,69.4,1059147,1025057,34090,3.2
1997,Mar,71.7,69.4,1061777,1028232,33545,3.2
1997,Apr,71.8,69.5,1064392,1031264,33128,3.1
1997,May,71.8,69.5,1066964,1034003,32961,3.1
1997,Jun,71.8,69.6,1069413,1036363,33050,3.1
1997,Jul,71.8,69.6,1071713,1038390,33323,3.1
1997,Aug,71.8,69.5,1073984,1040240,33744,3.1
1997,Sep,71.8,69.5,1076377,1042111,34266,3.2
1997,Oct,71.8,69.5,1078948,1044044,34904,3.2
1997,Nov,71.9,69.5,1081612,1045911,35701,3.3
1997,Dec,71.9,69.5,1084270,1047658,36612,3.4
1998,Jan,71.9,69.5,1086799,1049289,37510,3.5
1998,Feb,72,69.5,1089262,1050914,38348,3.5
1998,Mar,72,69.5,1091772,1052633,39139,3.6
1998,Apr,72.1,69.5,1094367,1054557,39810,3.6
1998,May,72.1,69.5,1097069,1056757,40312,3.7
1998,Jun,72.2,69.5,1099864,1059209,40655,3.7
1998,Jul,72.3,69.6,1102725,1061830,40895,3.7
1998,Aug,72.3,69.6,1105518,1064462,41056,3.7
1998,Sep,72.4,69.7,1108001,1066856,41145,3.7
1998,Oct,72.3,69.7,1110045,1068900,41145,3.7
1998,Nov,72.3,69.7,1111688,1070642,41046,3.7
1998,Dec,72.3,69.6,1113053,1072145,40908,3.7
1999,Jan,72.3,69.7,1114321,1073508,40813,3.7
1999,Feb,72.3,69.6,1115621,1074825,40796,3.7
1999,Mar,72.3,69.6,1116995,1076168,40827,3.7
1999,Apr,72.2,69.6,1118500,1077585,40915,3.7
1999,May,72.3,69.6,1120052,1079012,41040,3.7
1999,Jun,72.3,69.6,1121467,1080396,41071,3.7
1999,Jul,72.2,69.6,1122586,1081752,40834,3.6
1999,Aug,72.1,69.5,1123388,1083175,40213,3.6
1999,Sep,72,69.5,1124028,1084773,39255,3.5
1999,Oct,72,69.5,1124662,1086557,38105,3.4
1999,Nov,71.9,69.5,1125515,1088588,36927,3.3
1999,Dec,71.9,69.6,1126784,1090865,35919,3.2
2000,Jan,71.9,69.6,1128581,1093326,35255,3.1
2000,Feb,71.9,69.7,1130836,1095833,35003,3.1
2000,Mar,72,69.8,1133369,1098193,35176,3.1
2000,Apr,72.2,69.9,1135920,1100234,35686,3.1
2000,May,72.2,69.9,1138332,1101945,36387,3.2
2000,Jun,72.2,69.8,1140607,1103366,37241,3.3
2000,Jul,72.2,69.8,1142892,1104672,38220,3.3
2000,Aug,72.2,69.7,1145409,1106159,39250,3.4
2000,Sep,72.2,69.7,1148144,1107901,40243,3.5
2000,Oct,72.3,69.7,1151019,1109801,41218,3.6
2000,Nov,72.3,69.6,1153832,1111570,42262,3.7
2000,Dec,72.3,69.6,1156309,1112923,43386,3.8
2001,Jan,72.3,69.5,1158246,1113703,44543,3.8
2001,Feb,72.2,69.4,1159601,1113914,45687,3.9
2001,Mar,72.1,69.2,1160545,1113744,46801,4
2001,Apr,72,69.1,1161319,1113420,47899,4.1
2001,May,71.9,68.9,1162154,1113154,49000,4.2
2001,Jun,71.9,68.8,1163088,1113018,50070,4.3
2001,Jul,71.8,68.6,1164046,1112834,51212,4.4
2001,Aug,71.7,68.4,1164967,1112371,52596,4.5
2001,Sep,71.6,68.3,1166276,1111943,54333,4.7
2001,Oct,71.6,68.2,1168260,1111871,56389,4.8
2001,Nov,71.6,68.1,1170796,1112156,58640,5
2001,Dec,71.7,68,1173734,1112743,60991,5.2
2002,Jan,71.8,67.9,1176650,1113397,63253,5.4
2002,Feb,71.8,67.8,1179115,1113877,65238,5.5
2002,Mar,71.8,67.7,1180850,1114024,66826,5.7
2002,Apr,71.7,67.6,1181898,1113903,67995,5.8
2002,May,71.6,67.5,1182607,1113771,68836,5.8
2002,Jun,71.5,67.3,1183447,1113976,69471,5.9
2002,Jul,71.5,67.3,1184683,1114742,69941,5.9
2002,Aug,71.5,67.2,1186303,1116043,70260,5.9
2002,Sep,71.4,67.2,1187938,1117450,70488,5.9
2002,Oct,71.4,67.1,1189258,1118631,70627,5.9
2002,Nov,71.3,67.1,1190304,1119627,70677,5.9
2002,Dec,71.3,67,1191037,1120481,70556,5.9
2003,Jan,71.2,67,1191676,1121384,70292,5.9
2003,Feb,71.1,67,1192445,1122526,69919,5.9
2003,Mar,71.1,67,1193437,1123989,69448,5.8
2003,Apr,71.1,67,1194659,1125743,68916,5.8
2003,May,71,67,1196044,1127693,68351,5.7
2003,Jun,71,67,1197664,1129861,67803,5.7
2003,Jul,71,67,1199599,1132323,67276,5.6
2003,Aug,71,67,1201861,1135066,66795,5.6
2003,Sep,71,67.1,1204373,1138031,66342,5.5
2003,Oct,71,67.1,1207095,1141147,65948,5.5
2003,Nov,71,67.1,1209932,1144316,65616,5.4
2003,Dec,71,67.2,1212795,1147489,65306,5.4
2004,Jan,71,67.3,1215641,1150676,64965,5.3
2004,Feb,71.1,67.3,1218505,1153970,64535,5.3
2004,Mar,71.1,67.4,1221480,1157443,64037,5.2
2004,Apr,71.1,67.4,1224487,1161029,63458,5.2
2004,May,71.2,67.5,1227403,1164603,62800,5.1
2004,Jun,71.2,67.6,1230132,1168068,62064,5
2004,Jul,71.1,67.6,1232699,1171424,61275,5
2004,Aug,71.1,67.7,1235157,1174741,60416,4.9
2004,Sep,71.1,67.7,1237613,1178153,59460,4.8
2004,Oct,71.1,67.8,1240199,1181765,58434,4.7
2004,Nov,71.1,67.8,1243005,1185640,57365,4.6
2004,Dec,71.2,67.9,1246200,1189844,56356,4.5
2005,Jan,71.2,68.1,1249758,1194307,55451,4.4
2005,Feb,71.3,68.2,1253526,1198878,54648,4.4
2005,Mar,71.3,68.3,1257385,1203574,53811,4.3
2005,Apr,71.4,68.4,1261428,1208488,52940,4.2
2005,May,71.5,68.6,1265797,1213626,52171,4.1
2005,Jun,71.6,68.7,1270397,1218800,51597,4.1
2005,Jul,71.7,68.8,1275042,1223769,51273,4
2005,Aug,71.8,68.9,1279527,1228439,51088,4
2005,Sep,71.8,69,1283692,1232859,50833,4
2005,Oct,71.7,68.9,1287468,1237195,50273,3.9
2005,Nov,71.7,69,1290896,1241636,49260,3.8
2005,Dec,71.7,69.1,1294101,1246305,47796,3.7
2006,Jan,71.7,69.2,1297394,1251363,46031,3.5
2006,Feb,71.7,69.3,1301064,1256815,44249,3.4
2006,Mar,71.8,69.4,1305187,1262412,42775,3.3
2006,Apr,71.8,69.5,1309543,1267867,41676,3.2
2006,May,71.9,69.6,1313723,1272979,40744,3.1
2006,Jun,71.9,69.7,1317494,1277660,39834,3
2006,Jul,71.9,69.7,1320893,1282068,38825,2.9
2006,Aug,71.9,69.8,1324166,1286453,37713,2.8
2006,Sep,71.9,69.9,1327531,1290988,36543,2.8
2006,Oct,71.9,70,1331118,1295807,35311,2.7
2006,Nov,71.9,70.1,1334954,1300853,34101,2.6
2006,Dec,71.9,70.2,1338908,1305872,33036,2.5
2007,Jan,72,70.2,1342842,1310570,32272,2.4
2007,Feb,72,70.3,1346650,1314734,31916,2.4
2007,Mar,72,70.3,1350184,1318217,31967,2.4
2007,Apr,72,70.3,1353375,1320951,32424,2.4
2007,May,72,70.2,1356284,1323017,33267,2.5
2007,Jun,72,70.2,1359008,1324675,34333,2.5
2007,Jul,71.9,70.1,1361588,1326162,35426,2.6
2007,Aug,71.9,70,1363999,1327577,36422,2.7
2007,Sep,71.9,69.9,1366220,1328918,37302,2.7
2007,Oct,71.9,69.9,1368189,1330040,38149,2.8
2007,Nov,71.8,69.8,1369818,1330828,38990,2.8
2007,Dec,71.7,69.7,1371033,1331216,39817,2.9
2008,Jan,71.6,69.5,1371668,1331021,40647,3
2008,Feb,71.5,69.4,1371722,1330233,41489,3
2008,Mar,71.4,69.2,1371484,1329084,42400,3.1
2008,Apr,71.2,69,1371280,1327878,43402,3.2
2008,May,71.1,68.8,1371314,1326818,44496,3.2
2008,Jun,71,68.6,1371540,1325788,45752,3.3
2008,Jul,70.8,68.4,1371741,1324473,47268,3.4
2008,Aug,70.7,68.2,1371555,1322489,49066,3.6
2008,Sep,70.5,67.9,1370622,1319447,51175,3.7
2008,Oct,70.3,67.6,1368703,1315096,53607,3.9
2008,Nov,70.1,67.2,1365637,1309344,56293,4.1
2008,Dec,70.6,66.7,1377498,1302419,75079,5.5
2009,Jan,70.6,66.2,1380586,1294880,85706,6.2
2009,Feb,70.4,65.7,1379404,1287362,92042,6.7
2009,Mar,70.2,65.3,1376406,1280436,95970,7
2009,Apr,69.9,64.9,1372900,1274429,98471,7.2
2009,May,69.6,64.5,1369447,1269323,100124,7.3
2009,Jun,69.3,64.2,1366277,1265021,101256,7.4
2009,Jul,69.1,63.9,1363368,1261275,102093,7.5
2009,Aug,68.8,63.6,1360769,1257882,102887,7.6
2009,Sep,68.6,63.4,1358521,1254831,103690,7.6
2009,Oct,68.4,63.1,1356580,1252086,104494,7.7
2009,Nov,68.2,62.9,1355221,1249870,105351,7.8
2009,Dec,68.1,62.8,1354722,1248472,106250,7.8
2010,Jan,68,62.7,1355042,1247979,107063,7.9
2010,Feb,68,62.6,1355856,1248210,107646,7.9
2010,Mar,67.9,62.5,1356837,1248856,107981,8
2010,Apr,69.6,64,1357702,1249619,108083,8
2010,May,69.5,64,1358240,1250301,107939,7.9
2010,Jun,69.4,63.9,1358279,1250702,107577,7.9
2010,Jul,69.3,63.8,1357782,1250758,107024,7.9
2010,Aug,69.1,63.7,1356853,1250576,106277,7.8
2010,Sep,69,63.6,1355732,1250305,105427,7.8
2010,Oct,68.8,63.5,1354775,1250248,104527,7.7
2010,Nov,68.7,63.4,1354026,1250532,103494,7.6
2010,Dec,68.6,63.4,1353411,1251055,102356,7.6
2011,Jan,68.4,63.3,1352758,1251698,101060,7.5
2011,Feb,68.3,63.3,1351854,1252350,99504,7.4
2011,Mar,68.2,63.2,1350661,1252983,97678,7.2
2011,Apr,68,63.2,1349388,1253673,95715,7.1
2011,May,67.9,63.1,1348372,1254595,93777,7
2011,Jun,67.8,63.1,1347853,1255940,91913,6.8
2011,Jul,67.7,63.1,1347981,1257868,90113,6.7
2011,Aug,67.6,63.2,1348691,1260385,88306,6.5
2011,Sep,67.6,63.2,1349818,1263369,86449,6.4
2011,Oct,67.5,63.3,1351199,1266619,84580,6.3
2011,Nov,67.5,63.4,1352773,1269973,82800,6.1
2011,Dec,67.5,63.5,1354655,1273494,81161,6
2012,Jan,67.5,63.6,1357156,1277412,79744,5.9
2012,Feb,67.6,63.7,1360331,1281733,78598,5.8
2012,Mar,67.7,63.8,1363728,1286115,77613,5.7
2012,Apr,67.7,64,1366813,1290232,76581,5.6
2012,May,67.8,64.1,1369443,1293997,75446,5.5
2012,Jun,67.8,64.1,1371758,1297527,74231,5.4
2012,Jul,67.8,64.2,1373996,1300979,73017,5.3
2012,Aug,67.8,64.3,1376447,1304435,72012,5.2
2012,Sep,67.8,64.3,1379310,1307993,71317,5.2
2012,Oct,67.9,64.4,1382469,1311679,70790,5.1
2012,Nov,67.9,64.5,1385729,1315424,70305,5.1
2012,Dec,68,64.6,1388824,1319092,69732,5
2013,Jan,68,64.7,1391627,1322501,69126,5
2013,Feb,68.1,64.7,1394091,1325786,68305,4.9
2013,Mar,68.1,64.8,1396655,1329253,67402,4.8
2013,Apr,68.1,64.9,1399488,1332981,66507,4.8
2013,May,68.2,65,1402385,1336692,65693,4.7
2013,Jun,68.2,65,1405140,1340161,64979,4.6
2013,Jul,68.2,65.1,1407731,1343422,64309,4.6
2013,Aug,68.2,65.1,1410108,1346638,63470,4.5
2013,Sep,68.2,65.2,1412304,1349876,62428,4.4
2013,Oct,68.2,65.3,1414439,1353091,61348,4.3
2013,Nov,68.2,65.3,1416452,1356215,60237,4.3
2013,Dec,68.2,65.4,1418146,1359114,59032,4.2
2014,Jan,68.2,65.4,1419160,1361596,57564,4.1
2014,Feb,68.1,65.4,1419938,1363612,56326,4
2014,Mar,68.1,65.4,1420471,1365208,55263,3.9
2014,Apr,68,65.4,1421071,1366570,54501,3.8
2014,May,67.9,65.4,1422094,1368063,54031,3.8
2014,Jun,67.9,65.4,1423798,1369960,53838,3.8
2014,Jul,67.9,65.4,1426066,1372207,53859,3.8
2014,Aug,68,65.4,1428747,1374813,53934,3.8
2014,Sep,68,65.4,1431682,1377823,53859,3.8
2014,Oct,68,65.5,1434712,1381195,53517,3.7
2014,Nov,68,65.5,1437708,1384724,52984,3.7
2014,Dec,68.1,65.6,1440711,1388215,52496,3.6
2015,Jan,68.1,65.6,1443389,1391016,52373,3.6
2015,Feb,68.1,65.7,1446487,1394143,52344,3.6
2015,Mar,68.2,65.7,1449729,1397198,52531,3.6
2015,Apr,68.2,65.8,1453015,1400188,52827,3.6
2015,May,68.3,65.8,1456167,1403065,53102,3.6
2015,Jun,68.3,65.8,1459024,1405780,53244,3.6
2015,Jul,68.3,65.8,1461671,1408428,53243,3.6
2015,Aug,68.3,65.8,1464257,1411098,53159,3.6
2015,Sep,68.3,65.8,1466908,1413861,53047,3.6
2015,Oct,68.2,65.8,1469870,1416885,52985,3.6
2015,Nov,68.3,65.8,1473367,1420301,53066,3.6
2015,Dec,68.3,65.9,1477364,1424113,53251,3.6
2016,Jan,68.4,65.9,1481650,1428215,53435,3.6
2016,Feb,68.4,66,1486078,1432542,53536,3.6
2016,Mar,68.5,66,1490527,1437096,53431,3.6
2016,Apr,68.6,66.1,1494995,1441914,53081,3.6
2016,May,68.6,66.2,1499573,1447004,52569,3.5
2016,Jun,68.7,66.3,1504205,1452230,51975,3.5
2016,Jul,68.8,66.4,1508689,1457308,51381,3.4
2016,Aug,68.8,66.5,1512882,1461959,50923,3.4
2016,Sep,68.8,66.5,1516761,1466066,50695,3.3
2016,Oct,68.8,66.5,1520334,1469678,50656,3.3
2016,Nov,68.9,66.6,1523755,1473056,50699,3.3
2016,Dec,68.9,66.6,1527197,1476432,50765,3.3
2017,Jan,68.9,66.6,1530749,1479893,50856,3.3
2017,Feb,68.9,66.6,1534344,1483394,50950,3.3
2017,Mar,68.9,66.6,1537790,1486736,51054,3.3
2017,Apr,68.9,66.7,1540998,1489857,51141,3.3
2017,May,68.9,66.7,1543901,1492770,51131,3.3
2017,Jun,68.9,66.6,1546548,1495521,51027,3.3
2017,Jul,68.9,66.6,1549122,1498261,50861,3.3
2017,Aug,68.9,66.6,1551585,1500992,50593,3.3
2017,Sep,68.8,66.6,1553867,1503651,50216,3.2
2017,Oct,68.8,66.6,1555978,1506213,49765,3.2
2017,Nov,68.7,66.6,1557840,1508523,49317,3.2
2017,Dec,68.7,66.5,1559444,1510541,48903,3.1
2018,Jan,68.6,66.5,1560861,1512307,48554,3.1
2018,Feb,68.6,66.4,1562204,1513912,48292,3.1
2018,Mar,68.5,66.4,1563548,1515420,48128,3.1
2018,Apr,68.4,66.3,1564856,1516798,48058,3.1
2018,May,68.4,66.3,1566153,1518105,48048,3.1
2018,Jun,68.3,66.2,1567598,1519575,48023,3.1
2018,Jul,68.2,66.2,1569298,1521391,47907,3.1
2018,Aug,68.2,66.1,1571430,1523699,47731,3
2018,Sep,68.2,66.1,1574010,1526507,47503,3
2018,Oct,68.2,66.1,1576846,1529637,47209,3
2018,Nov,68.2,66.1,1579845,1533017,46828,3
2018,Dec,68.2,66.2,1583000,1536644,46356,2.9
2019,Jan,68.2,66.2,1586291,1540489,45802,2.9
2019,Feb,68.2,66.3,1589639,1544481,45158,2.8
2019,Mar,68.2,66.3,1593090,1548643,44447,2.8
2019,Apr,68.3,66.4,1596715,1553061,43654,2.7
2019,May,68.3,66.5,1600547,1557758,42789,2.7
2019,Jun,68.3,66.5,1604610,1562707,41903,2.6
2019,Jul,68.4,66.7,1609459,1568424,41035,2.5
2019,Aug,68.5,66.8,1614356,1574085,40271,2.5
2019,Sep,68.5,66.8,1618990,1579270,39720,2.5
2019,Oct,68.5,66.9,1622472,1583040,39432,2.4
2019,Nov,68.4,66.8,1622909,1583400,39509,2.4
2019,Dec,68.3,66.6,1622443,1582820,39623,2.4
2020,Jan,68.3,66.7,1626802,1586763,40039,2.5
2020,Feb,68.4,66.7,1630650,1590199,40451,2.5
2020,Mar,68,65.4,1625383,1562935,62448,3.8
2020,Apr,66.9,59.9,1600601,1434307,166294,10.4
2020,May,67.1,61.4,1609768,1471957,137811,8.6
2020,Jun,67.4,63.8,1619435,1533121,86314,5.3
2020,Jul,67.6,64.5,1626910,1553647,73263,4.5
2020,Aug,67.4,64.7,1625568,1559224,66344,4.1
2020,Sep,68.8,65.4,1663385,1580574,82811,5
