Year,Period,labor force participation rate,employment-population ratio,labor force,employment,unemployment,unemployment rate
1976,Jan,63,57.6,213667,195099,18568,8.7
1976,Feb,62.8,57.3,213554,194960,18594,8.7
1976,Mar,62.6,57.2,213610,194978,18632,8.7
1976,Apr,62.8,57.4,214211,195593,18618,8.7
1976,May,62.9,57.5,215053,196524,18529,8.6
1976,Jun,63.2,57.8,216002,197661,18341,8.5
1976,Jul,63.2,58,216844,198770,18074,8.3
1976,Aug,63.2,58.1,217539,199763,17776,8.2
1976,Sep,63.2,58.2,218206,200706,17500,8
1976,Oct,63.5,58.4,218913,201608,17305,7.9
1976,Nov,63.5,58.5,219711,202505,17206,7.8
1976,Dec,63.6,58.6,220626,203448,17178,7.8
1977,Jan,63.7,58.8,221659,204503,17156,7.7
1977,Feb,64,59.1,222749,205682,17067,7.7
1977,Mar,64.1,59.3,223807,206944,16863,7.5
1977,Apr,64.2,59.5,224834,208294,16540,7.4
1977,May,64.4,59.8,225923,209763,16160,7.2
1977,Jun,64.7,60.2,227153,211356,15797,7
1977,Jul,64.9,60.5,228564,213046,15518,6.8
1977,Aug,65.2,60.8,230105,214752,15353,6.7
1977,Sep,65.6,61.3,231631,216366,15265,6.6
1977,Oct,65.8,61.5,233004,217819,15185,6.5
1977,Nov,66,61.7,234147,219097,15050,6.4
1977,Dec,66.2,62,235042,220224,14818,6.3
1978,Jan,66.2,62.2,235759,221265,14494,6.1
1978,Feb,66.2,62.3,236439,222299,14140,6
1978,Mar,66.4,62.6,237206,223373,13833,5.8
1978,Apr,66.5,62.7,238059,224462,13597,5.7
1978,May,66.5,62.8,238908,225487,13421,5.6
1978,Jun,66.8,63.1,239666,226375,13291,5.5
1978,Jul,66.8,63.1,240301,227108,13193,5.5
1978,Aug,66.7,63.1,240842,227720,13122,5.4
1978,Sep,66.7,63.1,241362,228274,13088,5.4
1978,Oct,66.8,63.2,241921,228847,13074,5.4
1978,Nov,66.8,63.2,242535,229462,13073,5.4
1978,Dec,66.8,63.2,243141,230071,13070,5.4
1979,Jan,66.8,63.2,243651,230628,13023,5.3
1979,Feb,66.8,63.3,243988,231097,12891,5.3
1979,Mar,66.7,63.2,244130,231445,12685,5.2
1979,Apr,66.5,63.1,244127,231658,12469,5.1
1979,May,66.3,63,244091,231789,12302,5
1979,Jun,66.3,63,244134,231917,12217,5
1979,Jul,66.2,62.9,244340,232106,12234,5
1979,Aug,66.1,62.8,244732,232394,12338,5
1979,Sep,66.3,62.9,245285,232784,12501,5.1
1979,Oct,66.3,62.9,245924,233226,12698,5.2
1979,Nov,66.3,62.8,246570,233669,12901,5.2
1979,Dec,66.3,62.8,247170,234066,13104,5.3
1980,Jan,66.4,62.8,247648,234308,13340,5.4
1980,Feb,66.3,62.7,248010,234326,13684,5.5
1980,Mar,66.2,62.4,248345,234166,14179,5.7
1980,Apr,66.2,62.2,248736,233934,14802,6
1980,May,66.3,62.2,249230,233738,15492,6.2
1980,Jun,66.3,62,249837,233685,16152,6.5
1980,Jul,66.4,62,250502,233845,16657,6.6
1980,Aug,66.4,62,251158,234261,16897,6.7
1980,Sep,66.6,62.2,251765,234941,16824,6.7
1980,Oct,66.7,62.4,252301,235814,16487,6.5
1980,Nov,66.7,62.5,252785,236801,15984,6.3
1980,Dec,66.8,62.8,253279,237838,15441,6.1
1981,Jan,66.8,62.9,253874,238889,14985,5.9
1981,Feb,67,63.1,254611,239939,14672,5.8
1981,Mar,67.2,63.4,255469,240967,14502,5.7
1981,Apr,67.3,63.5,256388,241916,14472,5.6
1981,May,67.5,63.7,257272,242725,14547,5.7
1981,Jun,67.5,63.7,258018,243345,14673,5.7
1981,Jul,67.7,63.8,258577,243761,14816,5.7
1981,Aug,67.8,63.9,258953,243972,14981,5.8
1981,Sep,67.7,63.7,259173,243993,15180,5.9
1981,Oct,67.7,63.7,259311,243910,15401,5.9
1981,Nov,67.6,63.5,259498,243785,15713,6.1
1981,Dec,67.7,63.5,259876,243704,16172,6.2
1982,Jan,67.8,63.5,260484,243764,16720,6.4
1982,Feb,67.9,63.4,261262,243975,17287,6.6
1982,Mar,68.1,63.5,262114,244290,17824,6.8
1982,Apr,68.1,63.4,262951,244691,18260,6.9
1982,May,68.3,63.5,263666,245127,18539,7
1982,Jun,68.3,63.4,264160,245487,18673,7.1
1982,Jul,68.3,63.5,264384,245675,18709,7.1
1982,Aug,68.3,63.5,264362,245644,18718,7.1
1982,Sep,68.1,63.3,264212,245423,18789,7.1
1982,Oct,68.1,63.2,264049,245094,18955,7.2
1982,Nov,67.8,62.9,263915,244789,19126,7.2
1982,Dec,67.8,62.9,263818,244603,19215,7.3
1983,Jan,67.8,62.9,263783,244573,19210,7.3
1983,Feb,67.6,62.8,263803,244748,19055,7.2
1983,Mar,67.7,62.9,263845,245126,18719,7.1
1983,Apr,67.5,62.8,263897,245662,18235,6.9
1983,May,67.5,63,263964,246292,17672,6.7
1983,Jun,67.4,63,264053,246968,17085,6.5
1983,Jul,67.4,63.2,264178,247643,16535,6.3
1983,Aug,67.4,63.3,264345,248275,16070,6.1
1983,Sep,67.3,63.3,264525,248842,15683,5.9
1983,Oct,67.4,63.4,264747,249358,15389,5.8
1983,Nov,67.4,63.6,265046,249854,15192,5.7
1983,Dec,67.4,63.5,265428,250376,15052,5.7
1984,Jan,67.5,63.7,265896,250977,14919,5.6
1984,Feb,67.6,63.9,266421,251650,14771,5.5
1984,Mar,67.6,63.9,266886,252333,14553,5.5
1984,Apr,67.6,64,267214,252972,14242,5.3
1984,May,67.7,64.2,267446,253570,13876,5.2
1984,Jun,67.6,64.2,267692,254195,13497,5
1984,Jul,67.7,64.4,268068,254909,13159,4.9
1984,Aug,67.7,64.4,268655,255744,12911,4.8
1984,Sep,67.9,64.7,269489,256696,12793,4.7
1984,Oct,68,64.8,270520,257708,12812,4.7
1984,Nov,68.3,65,271646,258708,12938,4.8
1984,Dec,68.4,65.1,272750,259647,13103,4.8
1985,Jan,68.6,65.3,273727,260489,13238,4.8
1985,Feb,68.6,65.3,274567,261240,13327,4.9
1985,Mar,68.8,65.5,275348,261968,13380,4.9
1985,Apr,68.9,65.5,276157,262744,13413,4.9
1985,May,69.1,65.7,277042,263615,13427,4.8
1985,Jun,69.2,65.8,278043,264605,13438,4.8
1985,Jul,69.4,66.1,279177,265725,13452,4.8
1985,Aug,69.8,66.4,280411,266961,13450,4.8
1985,Sep,69.9,66.6,281651,268245,13406,4.8
1985,Oct,70.2,66.9,282788,269495,13293,4.7
1985,Nov,70.2,67,283778,270645,13133,4.6
1985,Dec,70.4,67.2,284590,271632,12958,4.6
1986,Jan,70.6,67.4,285258,272460,12798,4.5
1986,Feb,70.6,67.5,285847,273186,12661,4.4
1986,Mar,70.7,67.6,286424,273876,12548,4.4
1986,Apr,70.7,67.6,287045,274585,12460,4.3
1986,May,70.9,67.8,287741,275346,12395,4.3
1986,Jun,70.9,67.9,288515,276165,12350,4.3
1986,Jul,71.1,68.1,289338,277020,12318,4.3
1986,Aug,71.1,68.1,290163,277869,12294,4.2
1986,Sep,71.3,68.3,290930,278673,12257,4.2
1986,Oct,71.3,68.3,291584,279403,12181,4.2
1986,Nov,71.4,68.5,292067,280046,12021,4.1
1986,Dec,71.3,68.4,292403,280636,11767,4
1987,Jan,71.4,68.6,292648,281197,11451,3.9
1987,Feb,71.3,68.6,292871,281748,11123,3.8
1987,Mar,71.3,68.7,293187,282340,10847,3.7
1987,Apr,71.3,68.7,293670,283007,10663,3.6
1987,May,71.4,68.9,294348,283760,10588,3.6
1987,Jun,71.5,68.9,295192,284592,10600,3.6
1987,Jul,71.7,69.1,296116,285485,10631,3.6
1987,Aug,71.7,69.2,297001,286397,10604,3.6
1987,Sep,71.7,69.2,297751,287275,10476,3.5
1987,Oct,71.9,69.4,298300,288056,10244,3.4
1987,Nov,71.8,69.4,298631,288708,9923,3.3
1987,Dec,71.7,69.4,298782,289235,9547,3.2
1988,Jan,71.5,69.3,298843,289690,9153,3.1
1988,Feb,71.3,69.2,298952,290148,8804,2.9
1988,Mar,71.2,69.2,299184,290632,8552,2.9
1988,Apr,71.3,69.3,299584,291158,8426,2.8
1988,May,71.3,69.3,300141,291695,8446,2.8
1988,Jun,71.3,69.2,300776,292162,8614,2.9
1988,Jul,71.3,69.2,301394,292506,8888,2.9
1988,Aug,71.2,69,301939,292745,9194,3
1988,Sep,71.3,69.1,302428,292985,9443,3.1
1988,Oct,71.3,69,302938,293369,9569,3.2
1988,Nov,71.4,69.2,303528,293949,9579,3.2
1988,Dec,71.4,69.2,304183,294664,9519,3.1
1989,Jan,71.6,69.3,304852,295403,9449,3.1
1989,Feb,71.5,69.3,305454,296030,9424,3.1
1989,Mar,71.5,69.3,305932,296425,9507,3.1
1989,Apr,71.6,69.3,306238,296499,9739,3.2
1989,May,71.4,69.1,306350,296239,10111,3.3
1989,Jun,71.4,68.9,306296,295724,10572,3.5
1989,Jul,71.2,68.6,306150,295093,11057,3.6
1989,Aug,71,68.3,306001,294498,11503,3.8
1989,Sep,71,68.2,305906,294029,11877,3.9
1989,Oct,70.8,68,305909,293710,12199,4
1989,Nov,70.7,67.8,306021,293532,12489,4.1
1989,Dec,70.7,67.8,306236,293448,12788,4.2
1990,Jan,72,68.9,306484,293354,13130,4.3
1990,Feb,71.9,68.7,306632,293126,13506,4.4
1990,Mar,71.7,68.5,306573,292692,13881,4.5
1990,Apr,71.6,68.2,306267,292052,14215,4.6
1990,May,71.2,67.9,305728,291254,14474,4.7
1990,Jun,70.9,67.5,305040,290344,14696,4.8
1990,Jul,70.7,67.3,304333,289348,14985,4.9
1990,Aug,70.6,67,303719,288308,15411,5.1
1990,Sep,70.3,66.6,303286,287269,16017,5.3
1990,Oct,70.3,66.4,303029,286254,16775,5.5
1990,Nov,70.2,66.2,302946,285286,17660,5.8
1990,Dec,70.3,65.9,302995,284387,18608,6.1
1991,Jan,70.3,65.7,303103,283583,19520,6.4
1991,Feb,70.3,65.6,303277,282946,20331,6.7
1991,Mar,70.4,65.5,303480,282553,20927,6.9
1991,Apr,70.4,65.5,303646,282439,21207,7
1991,May,70.2,65.4,303745,282606,21139,7
1991,Jun,70.2,65.4,303746,283011,20735,6.8
1991,Jul,70.2,65.6,303656,283561,20095,6.6
1991,Aug,70.2,65.7,303536,284094,19442,6.4
1991,Sep,70.2,65.8,303466,284491,18975,6.3
1991,Oct,70,65.7,303535,284730,18805,6.2
1991,Nov,70.1,65.7,303768,284847,18921,6.2
1991,Dec,70.1,65.7,304138,284931,19207,6.3
1992,Jan,70.2,65.7,304599,285080,19519,6.4
1992,Feb,70.3,65.8,305040,285360,19680,6.5
1992,Mar,70.4,65.9,305442,285802,19640,6.4
1992,Apr,70.5,66,305858,286415,19443,6.4
1992,May,70.5,66.1,306353,287186,19167,6.3
1992,Jun,70.6,66.3,306992,288084,18908,6.2
1992,Jul,70.8,66.5,307756,289066,18690,6.1
1992,Aug,71,66.7,308566,290085,18481,6
1992,Sep,71,66.8,309333,291077,18256,5.9
1992,Oct,71.1,67,309934,291938,17996,5.8
1992,Nov,71.2,67.1,310292,292607,17685,5.7
1992,Dec,71.1,67.1,310423,293096,17327,5.6
1993,Jan,71.1,67.2,310461,293506,16955,5.5
1993,Feb,71.1,67.3,310567,293940,16627,5.4
1993,Mar,71.1,67.4,310837,294462,16375,5.3
1993,Apr,71.1,67.4,311290,295085,16205,5.2
1993,May,71.2,67.5,311879,295767,16112,5.2
1993,Jun,71.3,67.7,312515,296455,16060,5.1
1993,Jul,71.3,67.7,313117,297092,16025,5.1
1993,Aug,71.4,67.8,313605,297617,15988,5.1
1993,Sep,71.5,67.9,313923,298001,15922,5.1
1993,Oct,71.4,67.8,314101,298298,15803,5
1993,Nov,71.4,67.8,314195,298572,15623,5
1993,Dec,71.2,67.7,314278,298865,15413,4.9
1994,Jan,71.3,67.8,314410,299204,15206,4.8
1994,Feb,71.3,67.9,314597,299584,15013,4.8
1994,Mar,71.4,68,314827,299980,14847,4.7
1994,Apr,71.2,67.9,315063,300349,14714,4.7
1994,May,71.3,68,315274,300660,14614,4.6
1994,Jun,71.3,68,315433,300907,14526,4.6
1994,Jul,71.2,67.9,315568,301142,14426,4.6
1994,Aug,71.2,68,315733,301455,14278,4.5
1994,Sep,71.1,67.9,315978,301892,14086,4.5
1994,Oct,71.2,68.1,316334,302452,13882,4.4
1994,Nov,71.1,68,316798,303114,13684,4.3
1994,Dec,71.2,68.2,317319,303810,13509,4.3
1995,Jan,71.3,68.3,317790,304413,13377,4.2
1995,Feb,71.3,68.3,318185,304863,13322,4.2
1995,Mar,71.3,68.3,318519,305168,13351,4.2
1995,Apr,71.4,68.4,318819,305378,13441,4.2
1995,May,71.3,68.3,319135,305574,13561,4.2
1995,Jun,71.4,68.3,319517,305822,13695,4.3
1995,Jul,71.3,68.2,319949,306127,13822,4.3
1995,Aug,71.4,68.3,320401,306490,13911,4.3
1995,Sep,71.4,68.3,320866,306917,13949,4.3
1995,Oct,71.5,68.4,321318,307385,13933,4.3
1995,Nov,71.5,68.5,321756,307848,13908,4.3
1995,Dec,71.5,68.4,322201,308297,13904,4.3
1996,Jan,71.6,68.5,322675,308748,13927,4.3
1996,Feb,71.5,68.4,323128,309160,13968,4.3
1996,Mar,71.6,68.5,323481,309472,14009,4.3
1996,Apr,71.6,68.5,323711,309674,14037,4.3
1996,May,71.5,68.4,323822,309789,14033,4.3
1996,Jun,71.5,68.4,323865,309873,13992,4.3
1996,Jul,71.4,68.3,323929,310000,13929,4.3
1996,Aug,71.4,68.3,324059,310194,13865,4.3
1996,Sep,71.3,68.2,324234,310437,13797,4.3
1996,Oct,71.3,68.3,324430,310708,13722,4.2
1996,Nov,71.2,68.2,324605,310966,13639,4.2
1996,Dec,71.2,68.2,324744,311186,13558,4.2
1997,Jan,71.1,68.1,324873,311384,13489,4.2
1997,Feb,71.1,68.2,325067,311648,13419,4.1
1997,Mar,71.2,68.3,325416,312086,13330,4.1
1997,Apr,71.3,68.4,325933,312721,13212,4.1
1997,May,71.3,68.4,326601,313538,13063,4
1997,Jun,71.4,68.6,327374,314492,12882,3.9
1997,Jul,71.5,68.7,328195,315507,12688,3.9
1997,Aug,71.6,68.9,329008,316487,12521,3.8
1997,Sep,71.6,68.9,329744,317345,12399,3.8
1997,Oct,71.8,69.1,330348,318032,12316,3.7
1997,Nov,71.9,69.2,330814,318573,12241,3.7
1997,Dec,71.8,69.2,331170,319032,12138,3.7
1998,Jan,71.8,69.2,331474,319467,12007,3.6
1998,Feb,71.9,69.3,331772,319915,11857,3.6
1998,Mar,71.8,69.3,332103,320394,11709,3.5
1998,Apr,71.9,69.4,332526,320945,11581,3.5
1998,May,72,69.5,333044,321561,11483,3.4
1998,Jun,72,69.5,333590,322179,11411,3.4
1998,Jul,72.1,69.6,334082,322749,11333,3.4
1998,Aug,72,69.6,334508,323283,11225,3.4
1998,Sep,72.1,69.7,334929,323840,11089,3.3
1998,Oct,72.2,69.8,335405,324452,10953,3.3
1998,Nov,72.2,69.8,335963,325140,10823,3.2
1998,Dec,72.3,70,336586,325904,10682,3.2
1999,Jan,72.3,70,337224,326706,10518,3.1
1999,Feb,72.4,70.2,337846,327490,10356,3.1
1999,Mar,72.5,70.3,338421,328196,10225,3
1999,Apr,72.6,70.4,338891,328758,10133,3
1999,May,72.5,70.4,339257,329169,10088,3
1999,Jun,72.6,70.4,339595,329526,10069,3
1999,Jul,72.5,70.4,339980,329928,10052,3
1999,Aug,72.6,70.5,340412,330417,9995,2.9
1999,Sep,72.5,70.4,340844,330979,9865,2.9
1999,Oct,70.6,68.6,331879,322244,9635,2.9
1999,Nov,70,68,329468,320135,9333,2.8
1999,Dec,69.9,67.9,329025,319983,9042,2.7
2000,Jan,69.9,68,329193,320376,8817,2.7
2000,Feb,69.8,68,329551,320860,8691,2.6
2000,Mar,69.9,68.1,329949,321267,8682,2.6
2000,Apr,69.8,68,330367,321575,8792,2.7
2000,May,69.9,68,330799,321808,8991,2.7
2000,Jun,69.9,67.9,331203,321964,9239,2.8
2000,Jul,69.9,67.9,331566,322087,9479,2.9
2000,Aug,69.9,67.9,331950,322299,9651,2.9
2000,Sep,70,67.9,332411,322671,9740,2.9
2000,Oct,70,68,332931,323159,9772,2.9
2000,Nov,70.1,68,333485,323687,9798,2.9
2000,Dec,70.1,68.1,334044,324186,9858,3
2001,Jan,70.2,68.1,334553,324566,9987,3
2001,Feb,70.2,68.1,335007,324815,10192,3
2001,Mar,70.3,68.1,335433,324988,10445,3.1
2001,Apr,70.3,68.1,335847,325149,10698,3.2
2001,May,70.3,68.1,336265,325358,10907,3.2
2001,Jun,70.4,68.1,336734,325660,11074,3.3
2001,Jul,70.4,68.1,337253,326020,11233,3.3
2001,Aug,70.5,68.1,337760,326344,11416,3.4
2001,Sep,70.5,68.1,338225,326587,11638,3.4
2001,Oct,70.5,68,338681,326777,11904,3.5
2001,Nov,70.6,68,339176,326977,12199,3.6
2001,Dec,70.6,68,339746,327256,12490,3.7
2002,Jan,70.7,68.1,340414,327665,12749,3.7
2002,Feb,70.8,68.1,341147,328182,12965,3.8
2002,Mar,70.9,68.2,341884,328731,13153,3.8
2002,Apr,71,68.3,342557,329232,13325,3.9
2002,May,71.1,68.3,343102,329625,13477,3.9
2002,Jun,71.1,68.3,343487,329880,13607,4
2002,Jul,71.1,68.2,343733,329998,13735,4
2002,Aug,71,68.2,343910,330018,13892,4
2002,Sep,71,68.1,344085,329990,14095,4.1
2002,Oct,71,68,344284,329955,14329,4.2
2002,Nov,71,68,344500,329915,14585,4.2
2002,Dec,71,67.9,344698,329852,14846,4.3
2003,Jan,71,67.9,344855,329787,15068,4.4
2003,Feb,70.9,67.8,344975,329764,15211,4.4
2003,Mar,70.9,67.8,345064,329834,15230,4.4
2003,Apr,70.9,67.8,345164,330007,15157,4.4
2003,May,70.9,67.8,345319,330266,15053,4.4
2003,Jun,70.9,67.8,345549,330605,14944,4.3
2003,Jul,70.9,67.8,345872,331028,14844,4.3
2003,Aug,70.9,67.9,346266,331500,14766,4.3
2003,Sep,70.9,67.9,346659,331960,14699,4.2
2003,Oct,70.9,67.9,346979,332373,14606,4.2
2003,Nov,70.9,68,347200,332749,14451,4.2
2003,Dec,70.9,68,347334,333111,14223,4.1
2004,Jan,70.9,68,347409,333462,13947,4
2004,Feb,70.9,68.1,347463,333814,13649,3.9
2004,Mar,70.8,68.1,347547,334188,13359,3.8
2004,Apr,70.8,68.2,347677,334587,13090,3.8
2004,May,70.8,68.2,347828,334988,12840,3.7
2004,Jun,70.8,68.2,347970,335334,12636,3.6
2004,Jul,70.7,68.2,348034,335550,12484,3.6
2004,Aug,70.7,68.2,347986,335611,12375,3.6
2004,Sep,70.6,68.1,347866,335561,12305,3.5
2004,Oct,70.5,68,347717,335450,12267,3.5
2004,Nov,70.5,68,347593,335356,12237,3.5
2004,Dec,70.4,68,347555,335369,12186,3.5
2005,Jan,70.4,68,347634,335525,12109,3.5
2005,Feb,70.4,68,347837,335814,12023,3.5
2005,Mar,70.4,68,348167,336210,11957,3.4
2005,Apr,70.5,68.1,348627,336700,11927,3.4
2005,May,70.6,68.2,349220,337258,11962,3.4
2005,Jun,70.7,68.2,349929,337858,12071,3.4
2005,Jul,70.8,68.3,350734,338514,12220,3.5
2005,Aug,70.9,68.4,351626,339254,12372,3.5
2005,Sep,71.1,68.5,352577,340077,12500,3.5
2005,Oct,71.1,68.6,353563,340969,12594,3.6
2005,Nov,71.3,68.7,354502,341863,12639,3.6
2005,Dec,71.4,68.9,355289,342665,12624,3.6
2006,Jan,71.5,69,355891,343325,12566,3.5
2006,Feb,71.5,69,356312,343805,12507,3.5
2006,Mar,71.5,69,356569,344067,12502,3.5
2006,Apr,71.5,69,356729,344135,12594,3.5
2006,May,71.5,69,356878,344101,12777,3.6
2006,Jun,71.5,68.9,357085,344063,13022,3.6
2006,Jul,71.5,68.9,357360,344061,13299,3.7
2006,Aug,71.5,68.8,357612,344062,13550,3.8
2006,Sep,71.5,68.8,357724,343996,13728,3.8
2006,Oct,71.5,68.7,357624,343818,13806,3.9
2006,Nov,71.4,68.6,357315,343500,13815,3.9
2006,Dec,71.2,68.5,356837,343032,13805,3.9
2007,Jan,71.1,68.3,356242,342452,13790,3.9
2007,Feb,70.9,68.2,355629,341849,13780,3.9
2007,Mar,70.8,68.1,355083,341301,13782,3.9
2007,Apr,70.7,67.9,354624,340817,13807,3.9
2007,May,70.6,67.8,354223,340343,13880,3.9
2007,Jun,70.5,67.7,353821,339815,14006,4
2007,Jul,70.3,67.5,353400,339226,14174,4
2007,Aug,70.2,67.4,352998,338634,14364,4.1
2007,Sep,70.1,67.2,352667,338119,14548,4.1
2007,Oct,70,67.1,352420,337719,14701,4.2
2007,Nov,70,67,352283,337464,14819,4.2
2007,Dec,70,67,352286,337377,14909,4.2
2008,Jan,70,67,352413,337411,15002,4.3
2008,Feb,70,67,352611,337497,15114,4.3
2008,Mar,70,67,352853,337597,15256,4.3
2008,Apr,70.1,67,353154,337713,15441,4.4
2008,May,70.1,67,353559,337893,15666,4.4
2008,Jun,70.2,67,354102,338177,15925,4.5
2008,Jul,70.3,67.1,354764,338529,16235,4.6
2008,Aug,70.4,67.1,355500,338854,16646,4.7
2008,Sep,70.5,67.1,356283,339054,17229,4.8
2008,Oct,70.6,67.1,357125,339066,18059,5.1
2008,Nov,70.8,67,357991,338832,19159,5.4
2008,Dec,70.9,66.9,358836,338360,20476,5.7
2009,Jan,71.1,66.7,359635,337747,21888,6.1
2009,Feb,71.2,66.6,360330,337112,23218,6.4
2009,Mar,71.3,66.5,360853,336575,24278,6.7
2009,Apr,71.3,66.4,361117,336208,24909,6.9
2009,May,71.3,66.3,361051,335992,25059,6.9
2009,Jun,71.2,66.3,360679,335868,24811,6.9
2009,Jul,71,66.2,360119,335788,24331,6.8
2009,Aug,70.8,66.2,359511,335727,23784,6.6
2009,Sep,70.7,66.1,358984,335688,23296,6.5
2009,Oct,70.6,66.1,358617,335672,22945,6.4
2009,Nov,70.5,66,358493,335749,22744,6.3
2009,Dec,70.5,66.1,358618,335969,22649,6.3
2010,Jan,70.5,66.1,358889,336293,22596,6.3
2010,Feb,70.6,66.1,359206,336679,22527,6.3
2010,Mar,70.6,66.2,359488,337067,22421,6.2
2010,Apr,71,66.6,359650,337367,22283,6.2
2010,May,71,66.6,359676,337561,22115,6.1
2010,Jun,71,66.6,359582,337664,21918,6.1
2010,Jul,70.9,66.6,359413,337695,21718,6
2010,Aug,70.8,66.6,359276,337710,21566,6
2010,Sep,70.8,66.5,359252,337779,21473,6
2010,Oct,70.7,66.5,359347,337959,21388,6
2010,Nov,70.7,66.5,359482,338211,21271,5.9
2010,Dec,70.7,66.5,359583,338459,21124,5.9
2011,Jan,70.7,66.5,359600,338684,20916,5.8
2011,Feb,70.6,66.6,359462,338839,20623,5.7
2011,Mar,70.5,66.5,359114,338856,20258,5.6
2011,Apr,70.4,66.5,358632,338757,19875,5.5
2011,May,70.2,66.4,358156,338583,19573,5.5
2011,Jun,70.1,66.3,357806,338394,19412,5.4
2011,Jul,70,66.3,357628,338273,19355,5.4
2011,Aug,70,66.2,357560,338229,19331,5.4
2011,Sep,70,66.2,357501,338220,19281,5.4
2011,Oct,70,66.2,357373,338215,19158,5.4
2011,Nov,69.9,66.2,357092,338179,18913,5.3
2011,Dec,69.8,66.2,356626,338085,18541,5.2
2012,Jan,69.7,66.1,356060,337924,18136,5.1
2012,Feb,69.6,66.1,355564,337735,17829,5
2012,Mar,69.5,66.1,355263,337573,17690,5
2012,Apr,69.5,66,355193,337472,17721,5
2012,May,69.5,66,355266,337429,17837,5
2012,Jun,69.5,66,355347,337423,17924,5
2012,Jul,69.5,66,355337,337423,17914,5
2012,Aug,69.5,66,355150,337388,17762,5
2012,Sep,69.4,65.9,354731,337260,17471,4.9
2012,Oct,69.2,65.9,354098,337000,17098,4.8
2012,Nov,69,65.8,353371,336655,16716,4.7
2012,Dec,68.9,65.7,352681,336295,16386,4.6
2013,Jan,68.8,65.6,352098,335962,16136,4.6
2013,Feb,68.7,65.6,351601,335640,15961,4.5
2013,Mar,68.6,65.5,351208,335359,15849,4.5
2013,Apr,68.5,65.4,350902,335131,15771,4.5
2013,May,68.5,65.4,350653,334953,15700,4.5
2013,Jun,68.4,65.3,350450,334828,15622,4.5
2013,Jul,68.3,65.3,350269,334747,15522,4.4
2013,Aug,68.3,65.3,350093,334713,15380,4.4
2013,Sep,68.2,65.3,349922,334732,15190,4.3
2013,Oct,68.2,65.3,349740,334774,14966,4.3
2013,Nov,68.1,65.3,349505,334766,14739,4.2
2013,Dec,68.1,65.3,349195,334664,14531,4.2
2014,Jan,68,65.2,348789,334392,14397,4.1
2014,Feb,67.9,65.1,348373,334148,14225,4.1
2014,Mar,67.9,65.1,347991,333927,14064,4
2014,Apr,67.8,65.1,347648,333732,13916,4
2014,May,67.7,65,347340,333562,13778,4
2014,Jun,67.6,65,347058,333408,13650,3.9
2014,Jul,67.6,64.9,346782,333246,13536,3.9
2014,Aug,67.5,64.9,346532,333089,13443,3.9
2014,Sep,67.5,64.8,346335,332962,13373,3.9
2014,Oct,67.4,64.8,346193,332882,13311,3.8
2014,Nov,67.4,64.8,346103,332866,13237,3.8
2014,Dec,67.3,64.8,346056,332922,13134,3.8
2015,Jan,67.4,64.8,346140,333128,13012,3.8
2015,Feb,67.3,64.8,346065,333208,12857,3.7
2015,Mar,67.3,64.8,345916,333220,12696,3.7
2015,Apr,67.2,64.8,345658,333115,12543,3.6
2015,May,67.2,64.7,345293,332883,12410,3.6
2015,Jun,67,64.7,344857,332558,12299,3.6
2015,Jul,66.9,64.6,344407,332209,12198,3.5
2015,Aug,66.9,64.5,343988,331896,12092,3.5
2015,Sep,66.8,64.5,343654,331684,11970,3.5
2015,Oct,66.7,64.4,343472,331636,11836,3.4
2015,Nov,66.7,64.5,343457,331759,11698,3.4
2015,Dec,66.8,64.5,343581,332010,11571,3.4
2016,Jan,66.8,64.6,343783,332316,11467,3.3
2016,Feb,66.9,64.6,344012,332618,11394,3.3
2016,Mar,66.9,64.7,344235,332889,11346,3.3
2016,Apr,66.9,64.7,344432,333124,11308,3.3
2016,May,67,64.8,344602,333340,11262,3.3
2016,Jun,67,64.8,344754,333559,11195,3.2
2016,Jul,67,64.9,344897,333788,11109,3.2
2016,Aug,67,64.9,345054,334040,11014,3.2
2016,Sep,67,64.9,345211,334287,10924,3.2
2016,Oct,67,64.9,345320,334465,10855,3.1
2016,Nov,67,64.9,345362,334551,10811,3.1
2016,Dec,67,64.9,345332,334549,10783,3.1
2017,Jan,67,64.9,345256,334506,10750,3.1
2017,Feb,67,64.9,345177,334487,10690,3.1
2017,Mar,66.9,64.9,345141,334542,10599,3.1
2017,Apr,66.9,64.9,345195,334713,10482,3
2017,May,66.9,64.9,345346,334993,10353,3
2017,Jun,67,65,345563,335338,10225,3
2017,Jul,67,65,345823,335717,10106,2.9
2017,Aug,67,65.1,346055,336064,9991,2.9
2017,Sep,67,65.1,346211,336340,9871,2.9
2017,Oct,67,65.2,346301,336560,9741,2.8
2017,Nov,67,65.2,346324,336722,9602,2.8
2017,Dec,67,65.2,346302,336833,9469,2.7
2018,Jan,67,65.2,346242,336887,9355,2.7
2018,Feb,67,65.2,346156,336893,9263,2.7
2018,Mar,67,65.2,346063,336880,9183,2.7
2018,Apr,66.9,65.2,345950,336849,9101,2.6
2018,May,66.9,65.2,345804,336798,9006,2.6
2018,Jun,66.8,65.1,345614,336722,8892,2.6
2018,Jul,66.8,65.1,345363,336600,8763,2.5
2018,Aug,66.7,65,345074,336441,8633,2.5
2018,Sep,66.6,65,344789,336276,8513,2.5
2018,Oct,66.6,64.9,344533,336125,8408,2.4
2018,Nov,66.5,64.9,344339,336025,8314,2.4
2018,Dec,66.5,64.9,344212,335986,8226,2.4
2019,Jan,66.5,64.9,344128,335981,8147,2.4
2019,Feb,66.4,64.9,344021,335938,8083,2.3
2019,Mar,66.4,64.8,343817,335772,8045,2.3
2019,Apr,66.3,64.8,343481,335445,8036,2.3
2019,May,66.2,64.7,343025,334970,8055,2.3
2019,Jun,66.1,64.5,342493,334399,8094,2.4
2019,Jul,66,64.4,341929,333781,8148,2.4
2019,Aug,65.8,64.3,341361,333162,8199,2.4
2019,Sep,65.8,64.2,340947,332709,8238,2.4
2019,Oct,65.7,64.1,340685,332422,8263,2.4
2019,Nov,65.7,64.1,340681,332418,8263,2.4
2019,Dec,65.7,64.1,340749,332491,8258,2.4
2020,Jan,65.6,64,340538,332233,8305,2.4
2020,Feb,65.6,64,340142,331947,8195,2.4
2020,Mar,65.7,63.6,340607,330084,10523,3.1
2020,Apr,67.6,56.5,350944,293039,57905,16.5
2020,May,66.3,57.8,343838,299688,44150,12.8
2020,Jun,65.8,59.6,341591,309139,32452,9.5
2020,Jul,65.4,59.9,339162,310976,28186,8.3
2020,Aug,62.5,59.5,324286,308847,15439,4.8
2020,Sep,62,59.4,321693,308140,13553,4.2
