Year,Period,labor force participation rate,employment-population ratio,labor force,employment,unemployment,unemployment rate
1976,Jan,61,55.7,1584688,1446319,138369,8.7
1976,Feb,60.8,55.5,1583350,1445338,138012,8.7
1976,Mar,60.6,55.3,1582676,1445169,137507,8.7
1976,Apr,60.6,55.4,1586708,1448989,137719,8.7
1976,May,60.8,55.5,1593891,1455187,138704,8.7
1976,Jun,61,55.7,1604708,1464167,140541,8.8
1976,Jul,61.4,56,1618080,1474961,143119,8.8
1976,Aug,61.8,56.2,1632326,1486462,145864,8.9
1976,Sep,62.1,56.5,1646384,1497953,148431,9
1976,Oct,62.4,56.8,1658773,1507876,150897,9.1
1976,Nov,62.6,56.9,1668192,1515113,153079,9.2
1976,Dec,62.7,56.9,1674146,1519467,154679,9.2
1977,Jan,62.6,56.8,1677365,1521761,155604,9.3
1977,Feb,62.5,56.7,1678881,1523269,155612,9.3
1977,Mar,62.4,56.6,1679640,1524989,154651,9.2
1977,Apr,62.3,56.6,1680812,1527999,152813,9.1
1977,May,62.2,56.6,1683073,1532870,150203,8.9
1977,Jun,62.2,56.7,1686771,1539477,147294,8.7
1977,Jul,62.2,56.9,1691931,1547808,144123,8.5
1977,Aug,62.3,57.1,1698876,1558192,140684,8.3
1977,Sep,62.4,57.4,1707577,1570731,136846,8
1977,Oct,62.5,57.7,1717441,1584844,132597,7.7
1977,Nov,62.7,58,1727944,1599649,128295,7.4
1977,Dec,62.9,58.4,1738785,1614224,124561,7.2
1978,Jan,63.1,58.7,1749856,1628160,121696,7
1978,Feb,63.3,59,1761323,1641513,119810,6.8
1978,Mar,63.5,59.3,1773519,1654481,119038,6.7
1978,Apr,63.8,59.5,1786073,1666651,119422,6.7
1978,May,64,59.7,1798346,1677632,120714,6.7
1978,Jun,64.2,59.9,1809470,1687399,122071,6.7
1978,Jul,64.3,60,1819165,1695680,123485,6.8
1978,Aug,64.4,60,1827229,1702229,125000,6.8
1978,Sep,64.4,60,1833849,1707501,126348,6.9
1978,Oct,64.4,60,1840400,1712872,127528,6.9
1978,Nov,64.5,60,1848433,1719871,128562,7
1978,Dec,64.7,60.1,1858795,1729286,129509,7
1979,Jan,64.9,60.4,1871493,1741312,130181,7
1979,Feb,65.1,60.6,1885756,1755501,130255,6.9
1979,Mar,65.4,61,1900104,1770700,129404,6.8
1979,Apr,65.7,61.3,1913608,1785655,127953,6.7
1979,May,65.9,61.5,1925968,1799297,126671,6.6
1979,Jun,66,61.7,1936458,1810349,126109,6.5
1979,Jul,66.1,61.8,1944332,1818370,125962,6.5
1979,Aug,66,61.7,1950146,1823765,126381,6.5
1979,Sep,65.9,61.6,1955117,1827323,127794,6.5
1979,Oct,65.8,61.5,1959464,1829800,129664,6.6
1979,Nov,65.7,61.3,1963474,1831706,131768,6.7
1979,Dec,65.6,61.1,1967356,1833162,134194,6.8
1980,Jan,65.5,60.9,1970995,1833580,137415,7
1980,Feb,65.3,60.6,1974341,1832320,142021,7.2
1980,Mar,65.2,60.3,1977307,1829358,147949,7.5
1980,Apr,65,59.9,1979341,1825184,154157,7.8
1980,May,64.9,59.7,1980289,1820640,159649,8.1
1980,Jun,64.8,59.5,1981097,1817107,163990,8.3
1980,Jul,64.8,59.3,1982830,1815640,167190,8.4
1980,Aug,64.7,59.2,1985454,1816466,168988,8.5
1980,Sep,64.7,59.2,1988450,1819049,169401,8.5
1980,Oct,64.7,59.2,1991647,1822229,169418,8.5
1980,Nov,64.7,59.2,1994662,1824939,169723,8.5
1980,Dec,64.7,59.1,1997300,1826706,170594,8.5
1981,Jan,64.6,59,1999430,1827257,172173,8.6
1981,Feb,64.5,58.9,2000693,1826495,174198,8.7
1981,Mar,64.4,58.7,2001274,1824735,176539,8.8
1981,Apr,64.3,58.6,2001385,1822143,179242,9
1981,May,64.2,58.3,2000816,1818619,182197,9.1
1981,Jun,64,58.1,1999571,1814175,185396,9.3
1981,Jul,63.9,57.8,1997629,1808523,189106,9.5
1981,Aug,63.7,57.5,1995409,1801718,193691,9.7
1981,Sep,63.6,57.3,1993816,1794338,199478,10
1981,Oct,63.6,57,1993449,1787201,206248,10.3
1981,Nov,63.5,56.7,1994113,1780767,213346,10.7
1981,Dec,63.5,56.5,1995627,1775557,220070,11
1982,Jan,63.5,56.4,1997927,1772078,225849,11.3
1982,Feb,63.6,56.3,2000845,1770281,230564,11.5
1982,Mar,63.6,56.2,2004122,1769749,234373,11.7
1982,Apr,63.7,56.2,2007908,1770431,237477,11.8
1982,May,63.8,56.2,2012485,1772413,240072,11.9
1982,Jun,63.9,56.2,2017893,1775529,242364,12
1982,Jul,64.1,56.3,2024338,1779697,244641,12.1
1982,Aug,64.2,56.4,2031524,1784591,246933,12.2
1982,Sep,64.4,56.6,2038194,1789466,248728,12.2
1982,Oct,64.5,56.7,2043306,1793716,249590,12.2
1982,Nov,64.6,56.7,2046432,1797105,249327,12.2
1982,Dec,64.6,56.7,2047070,1799360,247710,12.1
1983,Jan,64.5,56.8,2045662,1800701,244961,12
1983,Feb,64.4,56.8,2043675,1802183,241492,11.8
1983,Mar,64.3,56.8,2042482,1804645,237837,11.6
1983,Apr,64.3,56.9,2043447,1808751,234696,11.5
1983,May,64.3,57,2047099,1814753,232346,11.4
1983,Jun,64.5,57.2,2052818,1822378,230440,11.2
1983,Jul,64.6,57.5,2059392,1831121,228271,11.1
1983,Aug,64.7,57.7,2065344,1839735,225609,10.9
1983,Sep,64.8,57.8,2069654,1847109,222545,10.8
1983,Oct,64.8,58,2071678,1852757,218921,10.6
1983,Nov,64.7,58,2071483,1856634,214849,10.4
1983,Dec,64.6,58,2070142,1859260,210882,10.2
1984,Jan,64.5,58,2068592,1861593,206999,10
1984,Feb,64.4,58,2067359,1864242,203117,9.8
1984,Mar,64.3,58.1,2066636,1867202,199434,9.7
1984,Apr,64.2,58.1,2065973,1870018,195955,9.5
1984,May,64.1,58.1,2065133,1872280,192853,9.3
1984,Jun,64,58.1,2063849,1873680,190169,9.2
1984,Jul,63.8,58,2061984,1874110,187874,9.1
1984,Aug,63.7,58,2060381,1874314,186067,9
1984,Sep,63.7,58,2060164,1875201,184963,9
1984,Oct,63.7,58,2062065,1877439,184626,9
1984,Nov,63.8,58.1,2066270,1881683,184587,8.9
1984,Dec,64,58.3,2072152,1887832,184320,8.9
1985,Jan,64.1,58.4,2078425,1894656,183769,8.8
1985,Feb,64.2,58.6,2083680,1900716,182964,8.8
1985,Mar,64.3,58.7,2087005,1905380,181625,8.7
1985,Apr,64.3,58.8,2088389,1908705,179684,8.6
1985,May,64.3,58.8,2088676,1911282,177394,8.5
1985,Jun,64.3,58.9,2089504,1914303,175201,8.4
1985,Jul,64.3,59,2092099,1918672,173427,8.3
1985,Aug,64.3,59,2096793,1925081,171712,8.2
1985,Sep,64.4,59.2,2103285,1933461,169824,8.1
1985,Oct,64.5,59.3,2111192,1943051,168141,8
1985,Nov,64.6,59.5,2120172,1952881,167291,7.9
1985,Dec,64.8,59.7,2129788,1962228,167560,7.9
1986,Jan,65,59.9,2140036,1971086,168950,7.9
1986,Feb,65.2,60,2151279,1979949,171330,8
1986,Mar,65.4,60.1,2163281,1988933,174348,8.1
1986,Apr,65.7,60.3,2175146,1997783,177363,8.2
1986,May,65.8,60.4,2185655,2006008,179647,8.2
1986,Jun,66,60.5,2193991,2013106,180885,8.2
1986,Jul,66,60.6,2200050,2018872,181178,8.2
1986,Aug,66,60.6,2204227,2023287,180940,8.2
1986,Sep,66,60.6,2207212,2026699,180513,8.2
1986,Oct,66,60.6,2209785,2029809,179976,8.1
1986,Nov,65.9,60.6,2212127,2032834,179293,8.1
1986,Dec,65.9,60.6,2214912,2036554,178358,8.1
1987,Jan,65.9,60.6,2218434,2041461,176973,8
1987,Feb,65.9,60.7,2222487,2047619,174868,7.9
1987,Mar,65.9,60.8,2227506,2055422,172084,7.7
1987,Apr,66,61,2233905,2064955,168950,7.6
1987,May,66.2,61.3,2241950,2075922,166028,7.4
1987,Jun,66.3,61.5,2251413,2087635,163778,7.3
1987,Jul,66.5,61.7,2261750,2099340,162410,7.2
1987,Aug,66.7,61.9,2271983,2110163,161820,7.1
1987,Sep,66.8,62.1,2281106,2119670,161436,7.1
1987,Oct,66.9,62.2,2288255,2127520,160735,7
1987,Nov,66.9,62.3,2293369,2134015,159354,6.9
1987,Dec,66.9,62.3,2296446,2139234,157212,6.8
1988,Jan,66.8,62.3,2297847,2143290,154557,6.7
1988,Feb,66.7,62.3,2298829,2146914,151915,6.6
1988,Mar,66.6,62.3,2300391,2150611,149780,6.5
1988,Apr,66.6,62.3,2303667,2155104,148563,6.4
1988,May,66.6,62.3,2309146,2161037,148109,6.4
1988,Jun,66.7,62.4,2316681,2168737,147944,6.4
1988,Jul,66.8,62.6,2325710,2178218,147492,6.3
1988,Aug,67,62.8,2335533,2189093,146440,6.3
1988,Sep,67.1,63,2345732,2200725,145007,6.2
1988,Oct,67.3,63.2,2355866,2212543,143323,6.1
1988,Nov,67.5,63.4,2365990,2224214,141776,6
1988,Dec,67.6,63.6,2376345,2235559,140786,5.9
1989,Jan,67.8,63.9,2387452,2246919,140533,5.9
1989,Feb,68,64,2399229,2258134,141095,5.9
1989,Mar,68.3,64.3,2411648,2269423,142225,5.9
1989,Apr,68.5,64.4,2424353,2280867,143486,5.9
1989,May,68.7,64.7,2436815,2292125,144690,5.9
1989,Jun,68.9,64.8,2448832,2302928,145904,6
1989,Jul,69.1,65,2460189,2313096,147093,6
1989,Aug,69.3,65.2,2470770,2323074,147696,6
1989,Sep,69.5,65.3,2480510,2333517,146993,5.9
1989,Oct,69.6,65.6,2489990,2345063,144927,5.8
1989,Nov,69.7,65.8,2499262,2357408,141854,5.7
1989,Dec,69.9,66,2508205,2369661,138544,5.5
1990,Jan,68.7,65,2516450,2380798,135652,5.4
1990,Feb,68.9,65.2,2523159,2389817,133342,5.3
1990,Mar,69,65.4,2527619,2395894,131725,5.2
1990,Apr,69,65.5,2529623,2398895,130728,5.2
1990,May,69,65.5,2529633,2399649,129984,5.1
1990,Jun,68.9,65.4,2528004,2398831,129173,5.1
1990,Jul,68.9,65.4,2525743,2397220,128523,5.1
1990,Aug,68.7,65.2,2524078,2395211,128867,5.1
1990,Sep,68.5,64.9,2523481,2392644,130837,5.2
1990,Oct,68.3,64.7,2523739,2389363,134376,5.3
1990,Nov,68.2,64.5,2524942,2386011,138931,5.5
1990,Dec,68.1,64.2,2526921,2383268,143653,5.7
1991,Jan,68,64,2529237,2381190,148047,5.9
1991,Feb,68,63.9,2532041,2380244,151797,6
1991,Mar,67.9,63.8,2534809,2380245,154564,6.1
1991,Apr,67.8,63.6,2537193,2380727,156466,6.2
1991,May,67.7,63.5,2539476,2381546,157930,6.2
1991,Jun,67.6,63.4,2542081,2382682,159399,6.3
1991,Jul,67.6,63.3,2544849,2383690,161159,6.3
1991,Aug,67.5,63.2,2547958,2384585,163373,6.4
1991,Sep,67.5,63.1,2552326,2386122,166204,6.5
1991,Oct,67.5,63,2558571,2388800,169771,6.6
1991,Nov,67.5,63,2566613,2392944,173669,6.8
1991,Dec,67.7,63,2576057,2398702,177355,6.9
1992,Jan,67.8,63.1,2586539,2406048,180491,7
1992,Feb,68,63.2,2597502,2414386,183116,7
1992,Mar,68.1,63.3,2608712,2423298,185414,7.1
1992,Apr,68.3,63.4,2619747,2432194,187553,7.2
1992,May,68.4,63.5,2629717,2440005,189712,7.2
1992,Jun,68.5,63.5,2638291,2446263,192028,7.3
1992,Jul,68.5,63.5,2645791,2451278,194513,7.4
1992,Aug,68.5,63.4,2652104,2454964,197140,7.4
1992,Sep,68.5,63.4,2656631,2456883,199748,7.5
1992,Oct,68.4,63.2,2659618,2457594,202024,7.6
1992,Nov,68.3,63.1,2661408,2457634,203774,7.7
1992,Dec,68.2,63,2662486,2457806,204680,7.7
1993,Jan,68.1,62.9,2663706,2459275,204431,7.7
1993,Feb,68,62.8,2665852,2462583,203269,7.6
1993,Mar,68,62.8,2669599,2467808,201791,7.6
1993,Apr,68,62.9,2674918,2474484,200434,7.5
1993,May,68,62.9,2681462,2481863,199599,7.4
1993,Jun,68,63,2688674,2489525,199149,7.4
1993,Jul,68.1,63.1,2695662,2497258,198404,7.4
1993,Aug,68.1,63.2,2702306,2505404,196902,7.3
1993,Sep,68.2,63.3,2709201,2514512,194689,7.2
1993,Oct,68.2,63.4,2716037,2523711,192326,7.1
1993,Nov,68.2,63.5,2721995,2531395,190600,7
1993,Dec,68.3,63.5,2726372,2536587,189785,7
1994,Jan,68.2,63.5,2728381,2538962,189419,6.9
1994,Feb,68.1,63.4,2727596,2538872,188724,6.9
1994,Mar,67.9,63.2,2724820,2537628,187192,6.9
1994,Apr,67.7,63.1,2721848,2537180,184668,6.8
1994,May,67.6,63.1,2720619,2539306,181313,6.7
1994,Jun,67.5,63.1,2722653,2544767,177886,6.5
1994,Jul,67.6,63.2,2728736,2553368,175368,6.4
1994,Aug,67.7,63.4,2737861,2564015,173846,6.3
1994,Sep,67.8,63.5,2748428,2575300,173128,6.3
1994,Oct,67.9,63.7,2759163,2586482,172681,6.3
1994,Nov,68.1,63.8,2769677,2597407,172270,6.2
1994,Dec,68.2,64,2779358,2607115,172243,6.2
1995,Jan,68.3,64.1,2787709,2614677,173032,6.2
1995,Feb,68.4,64.1,2794905,2620320,174585,6.2
1995,Mar,68.4,64.1,2801145,2624336,176809,6.3
1995,Apr,68.4,64.1,2806498,2627100,179398,6.4
1995,May,68.4,64,2810903,2629235,181668,6.5
1995,Jun,68.4,63.9,2814027,2630862,183165,6.5
1995,Jul,68.3,63.8,2815922,2632082,183840,6.5
1995,Aug,68.2,63.8,2817269,2633110,184159,6.5
1995,Sep,68.2,63.7,2818658,2634294,184364,6.5
1995,Oct,68.1,63.6,2820556,2636170,184386,6.5
1995,Nov,68.1,63.6,2823432,2639429,184003,6.5
1995,Dec,68.1,63.7,2828216,2644832,183384,6.5
1996,Jan,68.2,63.8,2835664,2652766,182898,6.4
1996,Feb,68.3,64,2845481,2662887,182594,6.4
1996,Mar,68.5,64.1,2856609,2674435,182174,6.4
1996,Apr,68.7,64.3,2867602,2686296,181306,6.3
1996,May,68.8,64.5,2877665,2697757,179908,6.3
1996,Jun,68.9,64.7,2886454,2708656,177798,6.2
1996,Jul,69,64.8,2893843,2718746,175097,6.1
1996,Aug,69,64.9,2900078,2728024,172054,5.9
1996,Sep,69,65,2905360,2736519,168841,5.8
1996,Oct,69,65.1,2910309,2744438,165871,5.7
1996,Nov,69,65.1,2915661,2752374,163287,5.6
1996,Dec,69.1,65.3,2921947,2761230,160717,5.5
1997,Jan,69.1,65.4,2929495,2771598,157897,5.4
1997,Feb,69.3,65.6,2938576,2783521,155055,5.3
1997,Mar,69.4,65.8,2949121,2796856,152265,5.2
1997,Apr,69.6,66.1,2960879,2811015,149864,5.1
1997,May,69.7,66.3,2972586,2824594,147992,5
1997,Jun,69.9,66.5,2983172,2836754,146418,4.9
1997,Jul,70,66.6,2992356,2847664,144692,4.8
1997,Aug,70,66.7,3000201,2857166,143035,4.8
1997,Sep,70.1,66.8,3006928,2865173,141755,4.7
1997,Oct,70.1,66.8,3012656,2871641,141015,4.7
1997,Nov,70.1,66.8,3017283,2876527,140756,4.7
1997,Dec,70.1,66.8,3021050,2880338,140712,4.7
1998,Jan,70.1,66.8,3024248,2883526,140722,4.7
1998,Feb,70,66.8,3027176,2886458,140718,4.6
1998,Mar,70,66.8,3029870,2889145,140725,4.6
1998,Apr,70,66.7,3032847,2891963,140884,4.6
1998,May,70,66.7,3037097,2895427,141670,4.7
1998,Jun,70,66.7,3042995,2899494,143501,4.7
1998,Jul,70.1,66.7,3050180,2903871,146309,4.8
1998,Aug,70.2,66.7,3058279,2909091,149188,4.9
1998,Sep,70.3,66.8,3066915,2915506,151409,4.9
1998,Oct,70.4,66.9,3075211,2922770,152441,5
1998,Nov,70.5,67,3081804,2929771,152033,4.9
1998,Dec,70.5,67,3085728,2934989,150739,4.9
1999,Jan,70.4,67,3087105,2937784,149321,4.8
1999,Feb,70.4,67,3086985,2938403,148582,4.8
1999,Mar,70.3,66.9,3086671,2937790,148881,4.8
1999,Apr,70.2,66.8,3086952,2936902,150050,4.9
1999,May,70.2,66.7,3087727,2936169,151558,4.9
1999,Jun,70.1,66.6,3088707,2935895,152812,4.9
1999,Jul,70,66.6,3089258,2935953,153305,5
1999,Aug,69.9,66.5,3088565,2935789,152776,4.9
1999,Sep,69.8,66.4,3086271,2934733,151538,4.9
1999,Oct,69.6,66.2,3082979,2932669,150310,4.9
1999,Nov,69.5,66.1,3080062,2930366,149696,4.9
1999,Dec,69.4,66,3078111,2928284,149827,4.9
2000,Jan,69.3,65.9,3076825,2926365,150460,4.9
2000,Feb,69.2,65.8,3075359,2924067,151292,4.9
2000,Mar,69.1,65.7,3073238,2920715,152523,5
2000,Apr,69,65.5,3069974,2915855,154119,5
2000,May,68.8,65.3,3065479,2909727,155752,5.1
2000,Jun,68.6,65.1,3060176,2902766,157410,5.1
2000,Jul,68.4,64.8,3054823,2895781,159042,5.2
2000,Aug,68.2,64.6,3050447,2890047,160400,5.3
2000,Sep,68,64.4,3047655,2886321,161334,5.3
2000,Oct,67.9,64.3,3046555,2884431,162124,5.3
2000,Nov,67.8,64.2,3046676,2883197,163479,5.4
2000,Dec,67.8,64.1,3047336,2881489,165847,5.4
2001,Jan,67.7,63.9,3047623,2878365,169258,5.6
2001,Feb,67.6,63.7,3046948,2873704,173244,5.7
2001,Mar,67.5,63.5,3044886,2867854,177032,5.8
2001,Apr,67.3,63.3,3041405,2861161,180244,5.9
2001,May,67.1,63.1,3037415,2854433,182982,6
2001,Jun,67,62.9,3033719,2848078,185641,6.1
2001,Jul,66.8,62.6,3031389,2842413,188976,6.2
2001,Aug,66.7,62.4,3030824,2836916,193908,6.4
2001,Sep,66.6,62.2,3032187,2831745,200442,6.6
2001,Oct,66.6,62.1,3035360,2827672,207688,6.8
2001,Nov,66.7,61.9,3039950,2825087,214863,7.1
2001,Dec,66.7,61.9,3045784,2824504,221280,7.3
2002,Jan,66.8,61.8,3052331,2826097,226234,7.4
2002,Feb,66.8,61.8,3058885,2829475,229410,7.5
2002,Mar,66.9,61.9,3065036,2834166,230870,7.5
2002,Apr,67,61.9,3071258,2840344,230914,7.5
2002,May,67,62,3077864,2847834,230030,7.5
2002,Jun,67.1,62.1,3084674,2856060,228614,7.4
2002,Jul,67.1,62.2,3090729,2863606,227123,7.3
2002,Aug,67.1,62.2,3095392,2869476,225916,7.3
2002,Sep,67.1,62.3,3098560,2873179,225381,7.3
2002,Oct,67.1,62.2,3100168,2874439,225729,7.3
2002,Nov,67,62.1,3100762,2874145,226617,7.3
2002,Dec,67,62.1,3100872,2873195,227677,7.3
2003,Jan,66.9,62,3101612,2872566,229046,7.4
2003,Feb,66.9,61.9,3103807,2873080,230727,7.4
2003,Mar,67,61.9,3107339,2874813,232526,7.5
2003,Apr,67,61.9,3111485,2877199,234286,7.5
2003,May,67,61.9,3115544,2879829,235715,7.6
2003,Jun,67,61.9,3119942,2883519,236423,7.6
2003,Jul,67.1,62,3125318,2889337,235981,7.6
2003,Aug,67.1,62.1,3131806,2897394,234412,7.5
2003,Sep,67.2,62.2,3139115,2907208,231907,7.4
2003,Oct,67.2,62.3,3147087,2918195,228892,7.3
2003,Nov,67.3,62.5,3155406,2929714,225692,7.2
2003,Dec,67.4,62.6,3163439,2941117,222322,7
2004,Jan,67.4,62.8,3170613,2951918,218695,6.9
2004,Feb,67.5,62.9,3176643,2961872,214771,6.8
2004,Mar,67.5,63,3181869,2971118,210751,6.6
2004,Apr,67.5,63.1,3186388,2979770,206618,6.5
2004,May,67.5,63.2,3190326,2987740,202586,6.4
2004,Jun,67.5,63.3,3193790,2994908,198882,6.2
2004,Jul,67.4,63.3,3197319,3001552,195767,6.1
2004,Aug,67.4,63.4,3201511,3008241,193270,6
2004,Sep,67.4,63.4,3206479,3015103,191376,6
2004,Oct,67.5,63.5,3211823,3021877,189946,5.9
2004,Nov,67.5,63.5,3217081,3028346,188735,5.9
2004,Dec,67.5,63.6,3222494,3034710,187784,5.8
2005,Jan,67.5,63.6,3228163,3041286,186877,5.8
2005,Feb,67.6,63.7,3234013,3048221,185792,5.7
2005,Mar,67.6,63.8,3240349,3055911,184438,5.7
2005,Apr,67.7,63.9,3247499,3064425,183074,5.6
2005,May,67.8,64,3255582,3073548,182034,5.6
2005,Jun,67.9,64.1,3264078,3082470,181608,5.6
2005,Jul,67.9,64.2,3271882,3090131,181751,5.6
2005,Aug,67.9,64.2,3278049,3096323,181726,5.5
2005,Sep,67.9,64.2,3282487,3101633,180854,5.5
2005,Oct,67.8,64.1,3285704,3107025,178679,5.4
2005,Nov,67.7,64.1,3288337,3113055,175282,5.3
2005,Dec,67.7,64.1,3290871,3119645,171226,5.2
2006,Jan,67.6,64.2,3294087,3126598,167489,5.1
2006,Feb,67.6,64.2,3298432,3133419,165013,5
2006,Mar,67.6,64.2,3303711,3139335,164376,5
2006,Apr,67.6,64.2,3309480,3143972,165508,5
2006,May,67.6,64.2,3315122,3147671,167451,5.1
2006,Jun,67.6,64.2,3320180,3150905,169275,5.1
2006,Jul,67.6,64.1,3325188,3154791,170397,5.1
2006,Aug,67.6,64.1,3330782,3159977,170805,5.1
2006,Sep,67.6,64.2,3336966,3166459,170507,5.1
2006,Oct,67.6,64.2,3343568,3174238,169330,5.1
2006,Nov,67.7,64.3,3350343,3182952,167391,5
2006,Dec,67.7,64.4,3356894,3192047,164847,4.9
2007,Jan,67.7,64.5,3363038,3201133,161905,4.8
2007,Feb,67.8,64.6,3369201,3210097,159104,4.7
2007,Mar,67.8,64.6,3375456,3218619,156837,4.6
2007,Apr,67.8,64.7,3382044,3226505,155539,4.6
2007,May,67.9,64.7,3389288,3233697,155591,4.6
2007,Jun,67.9,64.8,3397375,3240514,156861,4.6
2007,Jul,68,64.8,3406063,3247169,158894,4.7
2007,Aug,68.1,64.9,3415145,3254034,161111,4.7
2007,Sep,68.2,64.9,3424380,3261607,162773,4.8
2007,Oct,68.2,65,3433115,3269555,163560,4.8
2007,Nov,68.3,65,3440671,3277346,163325,4.7
2007,Dec,68.3,65.1,3446728,3284233,162495,4.7
2008,Jan,68.3,65.1,3451132,3289110,162022,4.7
2008,Feb,68.3,65.1,3454348,3291642,162706,4.7
2008,Mar,68.3,65,3457666,3292464,165202,4.8
2008,Apr,68.3,64.9,3461901,3292424,169477,4.9
2008,May,68.3,64.8,3467253,3292273,174980,5
2008,Jun,68.3,64.8,3473740,3292676,181064,5.2
2008,Jul,68.4,64.7,3480886,3293801,187085,5.4
2008,Aug,68.4,64.6,3488008,3294926,193082,5.5
2008,Sep,68.4,64.5,3494749,3294708,200041,5.7
2008,Oct,68.4,64.4,3501098,3291885,209213,6
2008,Nov,68.5,64.1,3506808,3285505,221303,6.3
2008,Dec,68.5,63.9,3511407,3275669,235738,6.7
2009,Jan,68.4,63.5,3514341,3263380,250961,7.1
2009,Feb,68.4,63.2,3515362,3250405,264957,7.5
2009,Mar,68.2,62.9,3514527,3238785,275742,7.8
2009,Apr,68.4,62.6,3525973,3229781,296192,8.4
2009,May,68.5,62.4,3535906,3223070,312836,8.8
2009,Jun,68.5,62.2,3543902,3217388,326514,9.2
2009,Jul,68.6,62,3549799,3211035,338764,9.5
2009,Aug,68.5,61.8,3554038,3202899,351139,9.9
2009,Sep,68.5,61.5,3557323,3192933,364390,10.2
2009,Oct,68.2,61.2,3546724,3182010,364714,10.3
2009,Nov,68,60.9,3538010,3172250,365760,10.3
2009,Dec,67.8,60.7,3532638,3165654,366984,10.4
2010,Jan,67.7,60.6,3530511,3163087,367424,10.4
2010,Feb,67.6,60.6,3529820,3163688,366132,10.4
2010,Mar,67.5,60.5,3528642,3165760,362882,10.3
2010,Apr,67.4,60.5,3526005,3167824,358181,10.2
2010,May,67.2,60.5,3521607,3168900,352707,10
2010,Jun,67.1,60.4,3516112,3168197,347915,9.9
2010,Jul,66.9,60.3,3510442,3165672,344770,9.8
2010,Aug,66.7,60.2,3505035,3161962,343073,9.8
2010,Sep,66.6,60,3499873,3157493,342380,9.8
2010,Oct,66.4,59.9,3494542,3152803,341739,9.8
2010,Nov,66.2,59.7,3488162,3148027,340135,9.8
2010,Dec,66,59.6,3480699,3143385,337314,9.7
2011,Jan,65.8,59.4,3473305,3139432,333873,9.6
2011,Feb,65.6,59.3,3466972,3136312,330660,9.5
2011,Mar,65.4,59.2,3462169,3134099,328070,9.5
2011,Apr,65.3,59.2,3458969,3132796,326173,9.4
2011,May,65.2,59.1,3457455,3132444,325011,9.4
2011,Jun,65.2,59,3457160,3133149,324011,9.4
2011,Jul,65.1,59,3457441,3134999,322442,9.3
2011,Aug,65,59,3458076,3138052,320024,9.3
2011,Sep,65,59,3459142,3142610,316532,9.2
2011,Oct,64.9,59.1,3461153,3148737,312416,9
2011,Nov,64.9,59.1,3464012,3155902,308110,8.9
2011,Dec,64.9,59.2,3467287,3163381,303906,8.8
2012,Jan,64.9,59.3,3470587,3170602,299985,8.6
2012,Feb,64.9,59.3,3473802,3177049,296753,8.5
2012,Mar,64.9,59.4,3476293,3181677,294616,8.5
2012,Apr,64.8,59.3,3477069,3183933,293136,8.4
2012,May,64.7,59.3,3476271,3184854,291417,8.4
2012,Jun,64.6,59.2,3474422,3185871,288551,8.3
2012,Jul,64.5,59.2,3472005,3188024,283981,8.2
2012,Aug,64.4,59.2,3469717,3191534,278183,8
2012,Sep,64.3,59.3,3468162,3196070,272092,7.8
2012,Oct,64.2,59.3,3466906,3200714,266192,7.7
2012,Nov,64.1,59.3,3465690,3204626,261064,7.5
2012,Dec,64.1,59.3,3464263,3207318,256945,7.4
2013,Jan,64,59.3,3465517,3208679,256838,7.4
2013,Feb,63.9,59.3,3463646,3209467,254179,7.3
2013,Mar,63.9,59.2,3462290,3210734,251556,7.3
2013,Apr,63.8,59.2,3462153,3213298,248855,7.2
2013,May,63.8,59.2,3462821,3216430,246391,7.1
2013,Jun,63.7,59.2,3463764,3219285,244479,7.1
2013,Jul,63.7,59.2,3464802,3221747,243055,7
2013,Aug,63.6,59.2,3465091,3223955,241136,7
2013,Sep,63.5,59.2,3464302,3226128,238174,6.9
2013,Oct,63.4,59.1,3463476,3228657,234819,6.8
2013,Nov,63.3,59.1,3463397,3231944,231453,6.7
2013,Dec,63.3,59.1,3464000,3235814,228186,6.6
2014,Jan,63.2,59.1,3466069,3241018,225051,6.5
2014,Feb,63.2,59.1,3467365,3245636,221729,6.4
2014,Mar,63.1,59.2,3469314,3250620,218694,6.3
2014,Apr,63.1,59.2,3472139,3255934,216205,6.2
2014,May,63.1,59.2,3476356,3262188,214168,6.2
2014,Jun,63.2,59.3,3482697,3270052,212645,6.1
2014,Jul,63.2,59.4,3490819,3279108,211711,6.1
2014,Aug,63.3,59.5,3500118,3288804,211314,6
2014,Sep,63.4,59.5,3509426,3298343,211083,6
2014,Oct,63.4,59.6,3516923,3306734,210189,6
2014,Nov,63.4,59.6,3521640,3313329,208311,5.9
2014,Dec,63.3,59.6,3524615,3318563,206052,5.8
2015,Jan,63.3,59.7,3527423,3323927,203496,5.8
2015,Feb,63.3,59.7,3530769,3328459,202310,5.7
2015,Mar,63.3,59.7,3534762,3333200,201562,5.7
2015,Apr,63.3,59.7,3539214,3338296,200918,5.7
2015,May,63.3,59.7,3543453,3343245,200208,5.7
2015,Jun,63.2,59.7,3546806,3347419,199387,5.6
2015,Jul,63.2,59.6,3549667,3350958,198709,5.6
2015,Aug,63.1,59.6,3552953,3354575,198378,5.6
2015,Sep,63.1,59.6,3557770,3359519,198251,5.6
2015,Oct,63.1,59.6,3565501,3367152,198349,5.6
2015,Nov,63.2,59.7,3576422,3377702,198720,5.6
2015,Dec,63.3,59.8,3588994,3390015,198979,5.5
2016,Jan,63.4,59.9,3601379,3402586,198793,5.5
2016,Feb,63.5,60,3612356,3414157,198199,5.5
2016,Mar,63.6,60.1,3621268,3424072,197196,5.4
2016,Apr,63.6,60.2,3628467,3432445,196022,5.4
2016,May,63.6,60.2,3635018,3440149,194869,5.4
2016,Jun,63.6,60.3,3641664,3448020,193644,5.3
2016,Jul,63.6,60.3,3648670,3456538,192132,5.3
2016,Aug,63.7,60.3,3655911,3465572,190339,5.2
2016,Sep,63.7,60.4,3663038,3474601,188437,5.1
2016,Oct,63.7,60.4,3669448,3483118,186330,5.1
2016,Nov,63.7,60.5,3675229,3491362,183867,5
2016,Dec,63.7,60.5,3681023,3499749,181274,4.9
2017,Jan,63.7,60.6,3687410,3508427,178983,4.9
2017,Feb,63.7,60.6,3694700,3517567,177133,4.8
2017,Mar,63.7,60.7,3702713,3526769,175944,4.8
2017,Apr,63.8,60.8,3711308,3535824,175484,4.7
2017,May,63.8,60.8,3719971,3544553,175418,4.7
2017,Jun,63.9,60.9,3727894,3552475,175419,4.7
2017,Jul,63.9,60.9,3734579,3559278,175301,4.7
2017,Aug,63.9,60.9,3739701,3564798,174903,4.7
2017,Sep,63.9,60.9,3743691,3569425,174266,4.7
2017,Oct,63.8,60.9,3747458,3573959,173499,4.6
2017,Nov,63.8,60.9,3751607,3578825,172782,4.6
2017,Dec,63.8,60.9,3756630,3584565,172065,4.6
2018,Jan,63.9,60.9,3762893,3591510,171383,4.6
2018,Feb,63.9,61,3770387,3599592,170795,4.5
2018,Mar,64,61.1,3778474,3608360,170114,4.5
2018,Apr,64,61.2,3785883,3616762,169121,4.5
2018,May,64,61.2,3792258,3624247,168011,4.4
2018,Jun,64.1,61.2,3798610,3631464,167146,4.4
2018,Jul,64.1,61.3,3805825,3639106,166719,4.4
2018,Aug,64.2,61.4,3814864,3647826,167038,4.4
2018,Sep,64.3,61.4,3825717,3657561,168156,4.4
2018,Oct,64.4,61.5,3837511,3667579,169932,4.4
2018,Nov,64.5,61.6,3849304,3677322,171982,4.5
2018,Dec,64.6,61.7,3860043,3686298,173745,4.5
2019,Jan,64.7,61.8,3868946,3694229,174717,4.5
2019,Feb,64.7,61.8,3875991,3701364,174627,4.5
2019,Mar,64.8,61.9,3882393,3708611,173782,4.5
2019,Apr,64.8,61.9,3889585,3717134,172451,4.4
2019,May,64.9,62,3898166,3727376,170790,4.4
2019,Jun,65,62.2,3908037,3739115,168922,4.3
2019,Jul,65.1,62.3,3919719,3753135,166584,4.2
2019,Aug,65.2,62.5,3930722,3766907,163815,4.2
2019,Sep,65.3,62.6,3940112,3779057,161055,4.1
2019,Oct,65.3,62.6,3946416,3787504,158912,4
2019,Nov,65.2,62.6,3946541,3788021,158520,4
2019,Dec,65.1,62.5,3945375,3786562,158813,4
2020,Jan,65.2,62.6,3955240,3799772,155468,3.9
2020,Feb,65.3,62.8,3962518,3810985,151533,3.8
2020,Mar,64,60.7,3890678,3692118,198560,5.1
2020,Apr,65.1,54.5,3963317,3318207,645110,16.3
2020,May,64.8,55,3945467,3351584,593883,15.1
2020,Jun,63.8,57.4,3893247,3503448,389799,10
2020,Jul,64.9,58.2,3961077,3557369,403708,10.2
2020,Aug,64.7,59.3,3957192,3623543,333649,8.4
2020,Sep,63.7,58.8,3901444,3598066,303378,7.8
